0 6 0
1 6 0
2 6 0
3 6 0
4 6 0
5 6 0
6 6 0
7 6 0
8 6 0
9 6 0
10 6 0
11 6 0
12 6 0
13 6 0
14 6 0
15 6 0
16 6 0
17 6 0
18 6 0
19 6 0
20 6 0
21 6 0
22 6 0
23 6 0
24 6 0
25 6 0
26 6 0
27 6 0
28 6 0
29 6 0
30 6 0
31 6 0
32 6 0
33 6 0
34 6 0
35 6 0
36 6 0
37 6 0
38 6 0
39 6 0
39 6 0
39 6 1
39 6 2
39 6 3
39 6 4
39 6 5
39 6 6
39 6 7
39 6 8
39 6 9
39 6 10
39 6 11
39 6 12
39 6 13
39 6 14
39 6 15
39 6 16
39 6 17
39 6 18
39 6 19
39 6 20
39 6 21
39 6 22
39 6 23
39 6 24
39 6 25
39 6 26
39 6 27
39 6 28
39 6 29
39 6 30
39 6 31
39 6 32
39 6 33
39 6 34
39 6 35
39 6 36
39 6 37
39 6 38
39 6 39
39 6 39
38 6 39
37 6 39
36 6 39
35 6 39
34 6 39
33 6 39
32 6 39
31 6 39
30 6 39
29 6 39
28 6 39
27 6 39
26 6 39
25 6 39
24 6 39
23 6 39
22 6 39
21 6 39
20 6 39
19 6 39
18 6 39
17 6 39
16 6 39
15 6 39
14 6 39
13 6 39
12 6 39
11 6 39
10 6 39
9 6 39
8 6 39
7 6 39
6 6 39
5 6 39
4 6 39
3 6 39
2 6 39
1 6 39
0 6 39
0 6 39
0 6 38
0 6 37
0 6 36
0 6 35
0 6 34
0 6 33
0 6 32
0 6 31
0 6 30
0 6 29
0 6 28
0 6 27
0 6 26
0 6 25
0 6 24
0 6 23
0 6 22
0 6 21
0 6 20
0 6 19
0 6 18
0 6 17
0 6 16
0 6 15
0 6 14
0 6 13
0 6 12
0 6 11
0 6 10
0 6 9
0 6 8
0 6 7
0 6 6
0 6 5
0 6 4
0 6 3
0 6 2
0 6 1
0 6 0