93 8 2
94 8 2
95 8 2
96 8 2
97 8 2
98 8 2
99 8 2
100 8 2
101 8 2
102 8 2
103 8 2
104 8 2
105 8 2
106 8 2
107 8 2
108 8 2
109 8 2
110 8 2
111 8 2
112 8 2
113 8 2
114 8 2
115 8 2
116 8 2
117 8 2
118 8 2
119 8 2
120 8 2
121 8 2
122 8 2
123 8 2
124 8 2
125 8 2
126 8 2
127 8 2
128 8 2
129 8 2
130 8 2
131 8 2
132 8 2
133 8 2
134 8 2
135 8 2
136 8 2
137 8 2
138 8 2
139 8 2
140 8 2
141 8 2
142 8 2
143 8 2
143 8 1
143 8 0
143 8 -1
143 8 -2
143 8 -3
143 8 -4
143 8 -5
143 8 -6
143 8 -7
143 8 -8
143 8 -9
143 8 -10
143 8 -11
143 8 -12
143 8 -13
143 8 -14
143 8 -15
143 8 -16
143 8 -17
143 8 -18
143 8 -19
143 8 -20
143 8 -21
143 8 -22
143 8 -23
143 8 -24
143 8 -25
143 8 -26
143 8 -27
143 8 -28
143 8 -29
143 8 -30
143 8 -31
143 8 -32
143 8 -33
143 8 -34
143 8 -35
143 8 -36
143 8 -37
143 8 -38
143 8 -39
143 8 -40
143 8 -41
143 8 -42
143 8 -43
143 8 -44
143 8 -45
143 8 -46
143 8 -47
143 8 -48
143 8 -49
143 8 -50
143 8 -51
143 8 -52
143 8 -53
143 8 -54
143 8 -55
143 8 -56
143 8 -57
143 8 -58
143 8 -59
143 8 -60
143 8 -61
143 8 -62
143 8 -63
143 8 -64
143 8 -65
143 8 -66
143 8 -67
143 8 -68
143 8 -69
143 8 -70
143 8 -71
143 8 -72
143 8 -73
143 8 -74
143 8 -75
143 8 -76
143 8 -77
143 8 -78
142 8 -78
141 8 -78
140 8 -78
139 8 -78
138 8 -78
137 8 -78
136 8 -78
135 8 -78
134 8 -78
133 8 -78
132 8 -78
131 8 -78
130 8 -78
129 8 -78
128 8 -78
127 8 -78
126 8 -78
125 8 -78
124 8 -78
123 8 -78
122 8 -78
121 8 -78
120 8 -78
119 8 -78
118 8 -78
117 8 -78
116 8 -78
115 8 -78
114 8 -78
113 8 -78
112 8 -78
111 8 -78
110 8 -78
109 8 -78
108 8 -78
107 8 -78
106 8 -78
105 8 -78
104 8 -78
103 8 -78
102 8 -78
101 8 -78
100 8 -78
99 8 -78
98 8 -78
97 8 -78
96 8 -78
95 8 -78
94 8 -78
93 8 -78
92 8 -78
91 8 -78
90 8 -78
89 8 -78
88 8 -78
87 8 -78
86 8 -78
85 8 -78
84 8 -78
83 8 -78
82 8 -78
81 8 -78
80 8 -78
79 8 -78
78 8 -78
77 8 -78
76 8 -78
75 8 -78
74 8 -78
73 8 -78
72 8 -78
71 8 -78
70 8 -78
69 8 -78
68 8 -78
67 8 -78
66 8 -78
65 8 -78
64 8 -78
63 8 -78
62 8 -78
61 8 -78
60 8 -78
59 8 -78
58 8 -78
57 8 -78
56 8 -78
55 8 -78
54 8 -78
53 8 -78
52 8 -78
51 8 -78
50 8 -78
49 8 -78
48 8 -78
47 8 -78
46 8 -78
45 8 -78
44 8 -78
43 8 -78
42 8 -78
41 8 -78
40 8 -78
39 8 -78
38 8 -78
37 8 -78
36 8 -78
35 8 -78
34 8 -78
33 8 -78
32 8 -78
31 8 -78
30 8 -78
29 8 -78
28 8 -78
27 8 -78
26 8 -78
25 8 -78
24 8 -78
23 8 -78
22 8 -78
21 8 -78
20 8 -78
19 8 -78
18 8 -78
17 8 -78
16 8 -78
15 8 -78
14 8 -78
13 8 -78
12 8 -78
11 8 -78
10 8 -78
9 8 -78
8 8 -78
7 8 -78
6 8 -78
5 8 -78
4 8 -78
3 8 -78
3 8 -77
3 8 -76
3 8 -75
3 8 -74
3 8 -73
3 8 -72
3 8 -71
3 8 -70
3 8 -69
3 8 -68
3 8 -67
3 8 -66
3 8 -65
3 8 -64
3 8 -63
3 8 -62
3 8 -61
3 8 -60
3 8 -59
3 8 -58
3 8 -57
3 8 -56
3 8 -55
3 8 -54
3 8 -53
3 8 -52
3 8 -51
3 8 -50
3 8 -49
3 8 -48
3 8 -47
3 8 -46
3 8 -45
3 8 -44
3 8 -43
3 8 -42
3 8 -41
3 8 -40
3 8 -39
3 8 -39
4 8 -39
5 8 -39
6 8 -39
7 8 -39
8 8 -39
9 8 -39
10 8 -39
11 8 -39
12 8 -39
13 8 -39
14 8 -39
15 8 -39
16 8 -39
17 8 -39
18 8 -39
19 8 -39
20 8 -39
21 8 -39
22 8 -39
23 8 -39
24 8 -39
25 8 -39
26 8 -39
27 8 -39
28 8 -39
29 8 -39
30 8 -39
31 8 -39
32 8 -39
33 8 -39
34 8 -39
35 8 -39
36 8 -39
37 8 -39
38 8 -39
39 8 -39
40 8 -39
41 8 -39
42 8 -39
43 8 -39
44 8 -39
45 8 -39
46 8 -39
47 8 -39
48 8 -39
49 8 -39
50 8 -39
51 8 -39
52 8 -39
53 8 -39
54 8 -39
55 8 -39
56 8 -39
57 8 -39
58 8 -39
59 8 -39
60 8 -39
61 8 -39
62 8 -39
63 8 -39
64 8 -39
65 8 -39
66 8 -39
67 8 -39
68 8 -39
69 8 -39
70 8 -39
71 8 -39
72 8 -39
73 8 -39
74 8 -39
75 8 -39
76 8 -39
77 8 -39
78 8 -39
79 8 -39
80 8 -39
81 8 -39
82 8 -39
83 8 -39
84 8 -39
85 8 -39
86 8 -39
87 8 -39
88 8 -39
89 8 -39
90 8 -39
91 8 -39
92 8 -39
92 8 -39
92 8 -38
92 8 -37
92 8 -36
92 8 -35
92 8 -34
92 8 -33
92 8 -32
92 8 -31
92 8 -30
92 8 -29
92 8 -28
92 8 -27
92 8 -26
92 8 -25
92 8 -24
92 8 -23
92 8 -22
92 8 -21
92 8 -20
92 8 -19
92 8 -18
92 8 -17
92 8 -16
92 8 -15
92 8 -14
92 8 -13
92 8 -12
92 8 -11
92 8 -10
92 8 -9
92 8 -8
92 8 -7
92 8 -6
92 8 -5
92 8 -4
92 8 -3
92 8 -2
92 8 -1
92 8 0
92 8 1
92 8 2