95.49 8.6 -2.77
95.49 8.6 -2.77
95.49 8.6 -2.77
95.49 8.6 -2.77
95.49 8.6 -2.77
95.49 8.6 -2.77
95.49 8.6 -2.77
95.49 8.6 -2.77
95.49 8.6 -2.77
95.49 8.6 -2.77
95.49 8.6 -2.77
96.04 8.6 -2.68
96.58 8.6 -2.59
97.13 8.6 -2.5
97.65 8.6 -2.41
98.19 8.6 -2.32
98.71 8.6 -2.22
99.26 8.6 -2.11
99.8 8.6 -2
100.33 8.6 -1.9
100.86 8.6 -1.79
101.41 8.6 -1.68
101.93 8.6 -1.57
102.46 8.6 -1.45
103 9.3 -1.34
103.53 9.97 -1.22
104.11 10.64 -1.09
104.77 11.370000000000001 -0.94
105.3 11.92 -0.82
105.83 12.45 -0.7
106.36 12.940000000000001 -0.58
106.89 13.39 -0.46
107.43 13.82 -0.34
107.96 14.21 -0.22
108.49 14.57 -0.1
109.02 14.9 0.02
109.55 15.19 0.14
110.09 15.46 0.26
110.62 15.69 0.38
111.15 15.88 0.5
111.68 16.05 0.62
112.21 16.18 0.74
112.76 16.29 0.86
113.3 16.36 0.98
113.82 16.39 1.1
114.36 16.39 1.22
114.89 16.36 1.34
115.43 16.3 1.47
115.95 16.21 1.58
116.49 16.08 1.7
117.01 15.93 1.82
117.54 15.74 1.94
118.07 15.52 2.04
118.6 15.26 2.14
119.15 14.969999999999999 2.23
119.68 14.65 2.31
120.23 14.3 2.39
120.77 13.91 2.47
121.31 13.5 2.53
121.85 13.05 2.59
122.39 12.57 2.62
122.93 12.059999999999999 2.64
123.48 11.51 2.64
124.02 10.93 2.63
124.57 10.32 2.6
125.12 9.67 2.55
125.65 9 2.47
126.19 8.6 2.37
126.72 9.3 2.24
127.24 9.96 2.09
127.76 10.59 1.9
128.26 11.18 1.7
128.75 11.75 1.47
129.23 12.280000000000001 1.21
129.69 12.780000000000001 0.91
130.14 13.25 0.59
130.56 13.690000000000001 0.25
130.97 14.09 -0.1
131.37 14.46 -0.48
131.75 14.8 -0.87
132.11 15.11 -1.29
132.44 15.38 -1.72
132.74 15.62 -2.17
133.02 15.83 -2.64
133.27 16.009999999999998 -3.12
133.5 16.15 -3.62
133.72 16.259999999999998 -4.12
133.92 16.34 -4.63
134.11 16.39 -5.14
134.29 16.4 -5.65
134.47 16.39 -6.17
134.63 16.34 -6.69
134.79 16.25 -7.22
134.94 16.14 -7.73
135.07 15.99 -8.26
135.18 15.81 -8.8
135.28 15.6 -9.34
135.38 15.35 -9.88
135.46 15.08 -10.41
135.53 14.77 -10.95
135.58 14.43 -11.49
135.62 14.05 -12.04
135.67 13.629999999999999 -12.6
135.71 13.190000000000001 -13.14
135.75 12.719999999999999 -13.69
135.79 12.21 -14.23
135.83 11.68 -14.78
135.86 11.11 -15.32
135.89 10.51 -15.86
135.93 9.870000000000001 -16.41
135.95 9.2 -16.96
135.98 8.6 -17.49
136 8.6 -18.04
136.02 8.6 -18.59
136.03 8.6 -19.13
136.04 8.6 -19.67
136.04 8.6 -20.21
136.04 8.6 -20.76
136.04 8.6 -21.32
136.04 8.6 -21.86
136.03 8.6 -22.4
136.02 8.6 -22.95
136.01 8.6 -23.5
136 8.6 -24.03
135.98 8.6 -24.58
135.97 8.6 -25.13
135.95 8.6 -25.68
135.94 8.6 -26.23
135.92 8.6 -26.77
135.91 8.6 -27.32
135.89 8.6 -27.86
135.88 8.6 -28.39
135.88 8.6 -28.94
135.88 8.6 -29.51
135.89 8.6 -30.06
135.91 8.6 -30.57
135.94 8.6 -31.11
135.97 8.6 -31.66
136.01 8.6 -32.22
136.05 8.6 -32.76
136.08 8.6 -33.3
136.12 8.6 -33.85
136.16 8.6 -34.39
136.21 8.6 -34.94
136.25 8.6 -35.47
136.3 8.6 -36.02
136.34 8.6 -36.57
136.39 8.6 -37.1
136.43 8.6 -37.66
136.48 8.6 -38.2
136.53 8.6 -38.74
136.57 8.6 -39.29
136.62 8.6 -39.84
136.67 8.6 -40.37
136.72 8.6 -40.91
136.77 8.6 -41.46
136.82 8.6 -42
136.87 8.6 -42.54
136.93 8.6 -43.09
136.98 8.6 -43.63
137.04 8.6 -44.17
137.09 8.6 -44.72
137.12 8.6 -45.24
137.15 8.6 -45.81
137.18 8.6 -46.36
137.21 8.6 -46.9
137.24 8.6 -47.44
137.28 8.6 -47.99
137.31 8.6 -48.53
137.34 8.6 -49.07
137.37 8.6 -49.62
137.4 8.6 -50.17
137.43 8.6 -50.71
137.46 8.6 -51.26
137.49 8.6 -51.8
137.52 8.6 -52.34
137.55 8.6 -52.89
137.58 8.6 -53.44
137.6 8.6 -53.97
137.61 8.6 -54.51
137.6 8.6 -55.05
137.58 8.6 -55.61
137.57 8.6 -56.15
137.56 8.6 -56.7
137.54 8.6 -57.25
137.53 8.6 -57.8
137.52 8.6 -58.34
137.5 8.6 -58.88
137.49 8.6 -59.43
137.47 8.6 -59.98
137.46 8.6 -60.52
137.45 8.6 -61.07
137.44 8.6 -61.6
137.43 8.6 -62.15
137.42 8.6 -62.7
137.42 8.6 -63.24
137.41 8.6 -63.79
137.4 8.6 -64.34
137.4 8.6 -64.89
137.4 9.29 -65.43
137.38 9.93 -65.96
137.33 10.57 -66.51
137.22 11.17 -67.04
137.01 11.73 -67.54
136.68 12.26 -67.96
136.24 12.76 -68.29
135.73 13.23 -68.49
135.2 13.67 -68.57
134.65 14.08 -68.56
134.11 14.45 -68.47
133.58 14.79 -68.3
132.47 15.47 -67.34
132.09 15.69 -66.97
131.74 15.87 -66.57
131.4 16.03 -66.13
131.1 16.15 -65.68
130.81 16.240000000000002 -65.22
130.56 16.3 -64.74
130.32 16.33 -64.24
130.12 16.32 -63.73
129.93 16.28 -63.22
129.76 16.21 -62.7
129.6 16.11 -62.16
129.46 15.97 -61.65
129.33 15.81 -61.12
129.22 15.61 -60.59
129.12 15.38 -60.06
129.03 15.11 -59.52
128.94 14.8 -58.96
128.86 14.469999999999999 -58.43
128.77 14.1 -57.88
128.68 13.719999999999999 -57.35
128.59 13.29 -56.82
128.48 12.84 -56.29
128.35 12.35 -55.77
128.18 11.83 -55.25
127.95 11.27 -54.75
127.69 10.68 -54.27
127.37 10.06 -53.83
127 9.4 -53.42
126.59 8.72 -53.06
126.14 8.6 -52.76
125.65 8.6 -52.53
125.13 8.6 -52.38
124.59 8.6 -52.3
124.04 8.6 -52.3
123.5 8.6 -52.34
122.96 8.6 -52.43
122.43 8.6 -52.57
121.92 8.6 -52.77
121.44 8.6 -53.03
120.99 8.6 -53.34
120.56 8.6 -53.67
120.15 8.6 -54.03
119.76 8.6 -54.41
119.38 8.6 -54.81
119.01 8.6 -55.21
118.63 8.6 -55.63
118.28 8.6 -56.02
117.9 8.6 -56.43
117.53 8.6 -56.83
117.16 8.6 -57.23
116.79 8.6 -57.64
116.43 8.6 -58.03
116.06 8.6 -58.44
115.71 8.6 -58.85
115.36 8.6 -59.26
115.02 8.6 -59.69
114.69 8.6 -60.12
114.36 8.6 -60.55
114.03 8.6 -60.99
113.7 8.6 -61.43
113.37 8.6 -61.88
113.05 8.6 -62.32
112.72 8.6 -62.76
112.4 8.6 -63.19
112.07 8.6 -63.64
111.75 8.6 -64.07
111.42 8.6 -64.52
111.1 8.6 -64.95
110.78 8.6 -65.39
110.45 8.6 -65.83
110.12 8.6 -66.27
109.8 8.6 -66.7
109.48 8.6 -67.14
109.15 8.6 -67.58
108.83 8.6 -68.01
108.5 8.6 -68.44
108.17 8.6 -68.88
107.83 8.6 -69.31
107.5 8.6 -69.73
107.16 8.6 -70.16
106.82 8.6 -70.58
106.46 8.6 -71.01
106.11 8.6 -71.43
105.77 8.6 -71.85
105.41 8.6 -72.26
105.05 8.6 -72.66
104.69 8.6 -73.07
104.32 8.6 -73.47
103.95 8.6 -73.86
103.57 8.6 -74.25
103.18 8.6 -74.64
102.79 8.6 -75.01
102.38 8.6 -75.38
101.96 8.6 -75.72
101.48 8.6 -76.07
100.91 8.6 -76.44
100.45 8.6 -76.73
99.97 8.6 -77
99.49 8.6 -77.26
99.01 8.6 -77.51
98.45 8.6 -77.79
97.83 8.6 -78.08
97.35 8.6 -78.29
96.86 8.6 -78.5
96.36 8.6 -78.72
95.85 8.6 -78.94
95.34 8.6 -79.15
94.84 8.6 -79.36
94.34 8.6 -79.57
93.84 8.6 -79.77
93.31 8.6 -79.97
92.8 8.6 -80.15
92.3 8.6 -80.31
91.77 8.6 -80.46
91.25 8.6 -80.58
90.71 8.6 -80.68
90.17 8.6 -80.77
89.63 8.6 -80.84
89.09 8.6 -80.9
88.53 8.6 -80.97
87.99 8.6 -81.03
87.44 8.6 -81.1
86.9 8.6 -81.17
86.36 8.6 -81.23
85.81 8.6 -81.3
85.28 8.6 -81.36
84.74 8.6 -81.43
84.2 8.6 -81.49
83.66 8.6 -81.56
83.11 8.6 -81.63
82.57 8.6 -81.69
82.03 8.6 -81.76
81.49 8.6 -81.82
80.95 8.6 -81.88
80.41 8.6 -81.94
79.86 8.6 -82
79.32 8.6 -82.05
78.78 8.6 -82.11
78.2 8.6 -82.16
77.52 8.6 -82.21
76.98 8.6 -82.24
76.42 8.6 -82.27
75.88 8.6 -82.31
75.33 8.6 -82.34
74.78 8.6 -82.37
74.24 8.6 -82.4
73.7 8.6 -82.42
73.16 8.6 -82.45
72.61 8.6 -82.48
72.06 8.6 -82.5
71.52 8.6 -82.53
70.97 8.6 -82.55
70.42 8.6 -82.57
69.88 8.6 -82.6
69.33 8.6 -82.62
68.78 8.6 -82.64
68.24 8.6 -82.67
67.7 8.6 -82.69
67.17 8.6 -82.71
66.62 8.6 -82.73
66.07 8.6 -82.75
65.52 8.6 -82.77
64.98 8.6 -82.78
64.44 8.6 -82.8
63.88 8.6 -82.82
63.34 8.6 -82.83
62.79 8.6 -82.85
62.25 8.6 -82.86
61.71 8.6 -82.87
61.16 8.6 -82.88
60.61 8.6 -82.89
60.07 8.6 -82.9
59.52 8.6 -82.91
58.97 8.6 -82.92
58.43 8.6 -82.93
57.89 8.6 -82.94
57.34 8.6 -82.95
56.79 8.6 -82.97
56.25 8.6 -82.98
55.7 8.6 -82.99
55.16 8.6 -83
54.61 8.6 -83.01
54.06 8.6 -83.02
53.52 8.6 -83.03
52.98 8.6 -83.04
52.43 8.6 -83.05
51.88 8.6 -83.06
51.33 8.6 -83.07
50.79 8.6 -83.08
50.25 8.6 -83.09
49.7 8.6 -83.1
49.15 8.6 -83.11
48.62 8.6 -83.12
48.07 8.6 -83.13
47.52 8.6 -83.14
46.97 8.6 -83.15
46.43 8.6 -83.16
45.89 8.6 -83.17
45.34 8.6 -83.18
44.79 9.31 -83.19
44.25 9.96 -83.2
43.71 10.59 -83.21
43.16 11.190000000000001 -83.22
42.62 11.75 -83.23
42.07 12.280000000000001 -83.24
41.53 12.780000000000001 -83.25
40.98 13.26 -83.26
40.45 13.68 -83.27
39.89 14.09 -83.28
39.34 14.46 -83.29
38.8 14.8 -83.3
38.25 15.11 -83.31
37.71 15.38 -83.32
37.17 15.62 -83.33
36.63 15.83 -83.34
36.08 16 -83.35
35.54 16.15 -83.36
34.99 16.259999999999998 -83.37
34.44 16.34 -83.38
33.9 16.39 -83.39
33.34 16.4 -83.4
32.8 16.39 -83.4
32.25 16.33 -83.41
31.71 16.25 -83.41
31.17 16.14 -83.42
30.61 15.99 -83.42
30.07 15.81 -83.43
29.53 15.6 -83.43
28.98 15.35 -83.44
28.44 15.08 -83.44
27.89 14.77 -83.45
27.34 14.42 -83.45
26.8 14.05 -83.46
26.25 13.64 -83.46
25.71 13.21 -83.47
25.15 12.719999999999999 -83.47
24.61 12.219999999999999 -83.48
24.07 11.690000000000001 -83.49
23.52 11.120000000000001 -83.49
22.98 10.52 -83.5
22.44 9.89 -83.5
21.89 9.22 -83.51
21.34 8.6 -83.51
20.79 8.6 -83.52
20.25 8.6 -83.52
19.71 8.6 -83.53
19.16 8.6 -83.53
18.62 8.6 -83.54
18.08 8.6 -83.54
17.54 8.6 -83.53
17 8.6 -83.52
16.45 8.6 -83.5
15.91 8.6 -83.47
15.34 8.6 -83.44
14.82 8.6 -83.4
14.27 8.6 -83.36
13.74 8.6 -83.31
13.19 8.6 -83.25
12.64 8.6 -83.19
12.09 8.6 -83.13
11.54 8.6 -83.07
11.01 8.6 -83.01
10.46 8.6 -82.95
9.92 8.6 -82.89
9.38 8.6 -82.83
8.83 8.6 -82.77
8.3 8.6 -82.71
7.77 8.6 -82.64
7.23 8.6 -82.57
6.69 8.6 -82.49
6.16 8.6 -82.4
5.62 8.6 -82.28
5.1 8.6 -82.14
4.57 8.6 -81.97
4.06 8.6 -81.78
3.56 8.6 -81.58
3.06 8.6 -81.34
2.58 8.6 -81.09
2.11 8.6 -80.81
1.65 8.6 -80.51
1.21 8.6 -80.2
0.78 8.6 -79.87
0.35 8.6 -79.53
-0.06 8.6 -79.17
-0.46 8.6 -78.8
-0.85 8.6 -78.42
-1.22 8.6 -78.02
-1.56 8.6 -77.59
-1.88 8.6 -77.15
-2.17 8.6 -76.69
-2.43 8.6 -76.21
-2.65 8.6 -75.71
-2.8 8.6 -75.19
-2.87 8.6 -74.65
-2.88 8.6 -74.1
-2.81 8.6 -73.56
-2.68 8.6 -73.03
-2.51 8.6 -72.51
-2.3 8.6 -72.01
-2.06 8.6 -71.52
-1.79 8.6 -71.05
-1.47 8.6 -70.58
-1.15 8.6 -70.17
-0.79 8.6 -69.76
-0.41 8.6 -69.37
0 8.6 -69
0.41 8.6 -68.65
0.85 8.6 -68.32
1.3 8.6 -68
1.75 8.6 -67.7
2.22 8.6 -67.42
2.69 8.6 -67.15
3.18 8.6 -66.9
3.66 8.6 -66.66
4.16 8.6 -66.42
4.65 8.6 -66.2
5.16 8.6 -65.98
5.66 8.6 -65.78
6.17 8.6 -65.58
6.68 8.6 -65.4
7.2 8.6 -65.22
7.72 8.6 -65.04
8.24 8.6 -64.88
8.76 8.6 -64.71
9.28 8.6 -64.55
9.8 8.6 -64.39
10.32 8.6 -64.22
10.83 8.6 -64.02
11.32 8.6 -63.81
11.82 8.6 -63.57
12.3 8.6 -63.31
12.77 8.6 -63.04
13.23 8.6 -62.75
13.69 8.6 -62.45
14.14 8.6 -62.14
14.57 8.6 -61.81
14.99 8.6 -61.46
15.38 8.6 -61.08
15.75 8.6 -60.68
16.07 8.6 -60.24
16.34 8.6 -59.77
16.54 8.6 -59.26
16.64 8.6 -58.72
16.65 8.6 -58.17
16.55 8.6 -57.64
16.35 8.6 -57.14
16.05 8.6 -56.68
15.69 8.6 -56.27
15.25 8.6 -55.94
14.77 8.6 -55.67
14.28 8.6 -55.45
13.77 8.6 -55.27
13.24 8.6 -55.13
12.71 8.6 -55.01
12.17 8.6 -54.92
11.62 8.6 -54.87
11.08 8.6 -54.83
10.53 8.6 -54.79
9.97 8.6 -54.75
9.42 8.6 -54.72
8.9 8.6 -54.67
8.37 8.6 -54.58
7.83 8.6 -54.46
7.31 8.6 -54.31
6.79 8.6 -54.15
6.26 8.6 -53.98
5.73 8.6 -53.81
5.21 8.6 -53.64
4.69 8.6 -53.47
4.17 8.6 -53.3
3.65 8.6 -53.13
3.14 8.6 -52.97
2.62 8.6 -52.8
2.1 8.6 -52.63
1.59 8.6 -52.45
1.09 8.6 -52.27
0.59 8.6 -52.06
0.1 8.6 -51.83
-0.39 8.6 -51.57
-0.84 8.6 -51.27
-1.26 8.6 -50.93
-1.66 8.6 -50.55
-2.04 8.6 -50.14
-2.39 8.6 -49.74
-2.73 8.6 -49.31
-3.05 8.6 -48.87
-3.36 8.6 -48.42
-3.64 8.6 -47.95
-3.9 8.6 -47.47
-4.14 8.6 -46.98
-4.35 8.6 -46.48
-4.53 8.6 -45.96
-4.69 8.6 -45.44
-4.82 8.6 -44.91
-4.92 8.6 -44.38
-5 8.6 -43.84
-5.04 8.6 -43.29
-5.06 8.6 -42.75
-5.06 8.6 -42.2
-5.02 8.6 -41.66
-4.95 8.6 -41.12
-4.84 8.6 -40.58
-4.72 8.6 -40.05
-4.57 8.6 -39.53
-4.42 8.6 -39
-4.25 8.6 -38.49
-4.07 8.6 -37.97
-3.87 8.6 -37.46
-3.64 8.6 -36.97
-3.39 8.6 -36.48
-3.13 8.6 -36
-2.85 8.6 -35.54
-2.56 8.6 -35.07
-2.25 8.6 -34.62
-1.94 8.6 -34.18
-1.6 8.6 -33.74
-1.26 8.6 -33.33
-0.89 8.6 -32.92
-0.5 8.6 -32.53
-0.1 8.6 -32.17
0.31 8.6 -31.82
0.74 8.6 -31.48
1.19 8.6 -31.15
1.63 8.6 -30.85
2.1 8.6 -30.56
2.57 8.6 -30.29
3.05 8.6 -30.03
3.53 8.6 -29.77
4.02 8.6 -29.53
4.52 8.6 -29.29
5 8.6 -29.06
5.5 8.6 -28.84
6.01 8.6 -28.62
6.5 8.6 -28.41
7.02 8.6 -28.21
7.53 8.6 -28.01
8.04 8.6 -27.82
8.55 8.6 -27.64
9.06 8.6 -27.46
9.58 8.6 -27.28
10.1 8.6 -27.12
10.62 8.6 -26.96
11.16 8.6 -26.79
11.68 8.6 -26.64
12.2 8.6 -26.48
12.72 8.6 -26.34
13.24 8.6 -26.21
13.78 8.6 -26.08
14.31 8.6 -25.97
14.84 8.6 -25.86
15.38 8.6 -25.77
15.92 8.6 -25.68
16.46 8.6 -25.61
17 8.6 -25.55
17.54 8.6 -25.5
18.09 8.6 -25.46
18.63 8.6 -25.44
19.18 8.6 -25.42
19.72 8.6 -25.41
20.28 8.6 -25.39
20.82 8.6 -25.39
21.4 8.6 -25.39
21.9 8.6 -25.39
22.45 8.6 -25.4
23.02 8.6 -25.4
23.56 8.6 -25.41
24.1 8.6 -25.43
24.64 8.6 -25.44
25.19 8.6 -25.46
25.73 8.6 -25.48
26.27 8.6 -25.51
26.82 8.6 -25.55
27.36 8.6 -25.59
27.91 8.6 -25.63
28.45 8.6 -25.68
29 8.6 -25.73
29.53 8.6 -25.78
30.09 8.6 -25.84
30.62 8.6 -25.9
31.18 8.6 -25.96
31.72 8.6 -26.02
32.26 8.6 -26.08
32.8 8.6 -26.14
33.33 8.6 -26.2
33.88 8.6 -26.27
34.42 8.6 -26.33
34.95 8.6 -26.39
35.49 8.6 -26.47
36.03 8.6 -26.54
36.58 8.6 -26.62
37.11 8.6 -26.71
37.66 8.6 -26.8
38.19 8.6 -26.88
38.74 8.6 -26.97
39.28 8.6 -27.07
39.81 8.6 -27.16
40.35 8.6 -27.25
40.89 8.6 -27.34
41.42 8.6 -27.44
41.96 8.6 -27.53
42.5 8.6 -27.62
43.03 8.6 -27.72
43.57 8.6 -27.81
44.11 8.6 -27.91
44.64 8.6 -28
45.19 8.6 -28.09
45.72 8.6 -28.19
46.26 8.6 -28.28
46.8 8.6 -28.37
47.33 8.6 -28.47
47.87 8.6 -28.56
48.41 8.6 -28.66
48.95 8.6 -28.75
49.49 8.6 -28.84
50.02 8.6 -28.94
50.56 8.6 -29.03
51.1 8.6 -29.13
51.63 8.6 -29.22
52.17 8.6 -29.31
52.71 8.6 -29.41
53.24 8.6 -29.5
53.78 8.6 -29.59
54.32 8.6 -29.69
54.86 8.6 -29.78
55.4 8.6 -29.88
55.94 8.6 -29.97
56.47 8.6 -30.06
57 8.6 -30.16
57.45 8.6 -30.8
57.89 8.6 -31.42
58.34 8.6 -32.05
58.78 8.6 -32.69
59.22 8.6 -33.32
59.66 8.6 -33.95
60.11 8.6 -34.58
60.55 8.6 -35.2
61.01 8.6 -35.8
61.5 8.6 -36.4
62.03 8.6 -36.96
62.62 8.6 -37.53
63.18 8.6 -37.99
63.8 8.6 -38.45
64.45 8.6 -38.87
64.97 8.6 -38.73
65.5 8.6 -38.57
66.02 8.6 -38.4
66.55 8.6 -38.23
67.06 8.6 -38.05
67.58 8.6 -37.88
68.1 8.6 -37.71
68.61 8.6 -37.54
69.14 8.6 -37.36
69.65 8.6 -37.19
70.16 8.6 -37.02
70.68 8.6 -36.84
71.18 8.6 -36.65
71.89 8.6 -36.97
72.59 8.6 -37.27
73.31 8.6 -37.56
74.03 8.6 -37.84
74.77 8.6 -38.1
75.49 8.6 -38.33
75.97 8.6 -38.07
76.43 8.6 -37.79
76.89 8.6 -37.48
77.34 8.6 -37.17
77.77 8.6 -36.85
78.2 8.6 -36.51
78.63 8.6 -36.17
79.03 8.6 -35.81
79.43 8.6 -35.43
79.81 8.6 -35.04
80.19 8.6 -34.65
80.59 8.6 -34.24
80.96 8.6 -33.86
81.34 8.6 -33.47
81.72 8.6 -33.07
82.09 8.6 -32.68
82.47 8.6 -32.28
82.84 8.6 -31.88
83.22 8.6 -31.48
83.59 8.6 -31.08
83.96 8.6 -30.68
84.33 8.6 -30.28
84.7 8.6 -29.88
85.07 8.6 -29.48
85.42 8.6 -29.08
85.77 8.6 -28.66
86.11 8.6 -28.24
86.44 8.6 -27.8
86.76 8.6 -27.36
87.08 8.6 -26.91
87.39 8.6 -26.47
87.7 8.6 -26.02
88 8.6 -25.56
88.28 8.6 -25.1
88.54 8.6 -24.62
88.77 8.6 -24.13
89 8.6 -23.63
89.23 8.6 -23.12
89.46 8.6 -22.63
89.69 8.6 -22.12
89.91 8.6 -21.63
90.13 8.6 -21.14
90.36 8.6 -20.64
90.59 8.6 -20.14
90.81 8.6 -19.64
91.04 8.6 -19.14
91.27 8.6 -18.64
91.49 8.6 -18.15
91.71 8.6 -17.66
91.94 8.6 -17.16
92.17 8.6 -16.66
92.39 8.6 -16.16
92.62 8.6 -15.67
92.84 8.6 -15.18
93.07 8.6 -14.68
93.29 8.6 -14.18
93.52 8.6 -13.68
93.75 8.6 -13.19
93.97 8.6 -12.69
94.2 8.6 -12.19
94.42 8.6 -11.7
94.65 8.6 -11.2
94.88 8.6 -10.7
95.1 8.6 -10.21
95.33 8.6 -9.71
95.55 8.6 -9.21
95.78 8.6 -8.72
96 8.6 -8.22
95.73 8.6 -7.5
95.46 8.6 -6.78
95.19 8.6 -6.06
94.92 8.6 -5.33
95.14 8.6 -4.83
95.37 8.6 -4.34
95.59 8.6 -3.84
95.82 8.6 -3.33
96.05 8.6 -2.84
96.27 8.6 -2.36
96.49 8.6 -1.86
95.49 8.6 -2.77
95.49 8.6 -2.77
95.49 8.6 -2.77
95.49 8.6 -2.77
95.49 8.6 -2.77
95.49 8.6 -2.77
95.49 8.6 -2.77
95.49 8.6 -2.77
95.49 8.6 -2.77
95.49 8.6 -2.77
95.49 8.6 -2.77
96.04 8.6 -2.68
96.58 8.6 -2.59
97.13 8.6 -2.5
97.65 8.6 -2.41
98.19 8.6 -2.32
98.71 8.6 -2.22
99.26 8.6 -2.11
99.8 8.6 -2
100.33 8.6 -1.9
100.86 8.6 -1.79
101.41 8.6 -1.68
101.93 8.6 -1.57
102.46 8.6 -1.45
103 9.3 -1.34
103.53 9.97 -1.22
104.11 10.64 -1.09
104.77 11.370000000000001 -0.94
105.3 11.92 -0.82
105.83 12.45 -0.7
106.36 12.940000000000001 -0.58
106.89 13.39 -0.46
107.43 13.82 -0.34
107.96 14.21 -0.22
108.49 14.57 -0.1
109.02 14.9 0.02
109.55 15.19 0.14
110.09 15.46 0.26
110.62 15.69 0.38
111.15 15.88 0.5
111.68 16.05 0.62
112.21 16.18 0.74
112.76 16.29 0.86
113.3 16.36 0.98
113.82 16.39 1.1
114.36 16.39 1.22
114.89 16.36 1.34
115.43 16.3 1.47
115.95 16.21 1.58
116.49 16.08 1.7
117.01 15.93 1.82
117.54 15.74 1.94
118.07 15.52 2.04
118.6 15.26 2.14
119.15 14.969999999999999 2.23
119.68 14.65 2.31
120.23 14.3 2.39
120.77 13.91 2.47
121.31 13.5 2.53
121.85 13.05 2.59
122.39 12.57 2.62
122.93 12.059999999999999 2.64
123.48 11.51 2.64
124.02 10.93 2.63
124.57 10.32 2.6
125.12 9.67 2.55
125.65 9 2.47
126.19 8.6 2.37
126.72 9.3 2.24
127.24 9.96 2.09
127.76 10.59 1.9
128.26 11.18 1.7
128.75 11.75 1.47
129.23 12.280000000000001 1.21
129.69 12.780000000000001 0.91
130.14 13.25 0.59
130.56 13.690000000000001 0.25
130.97 14.09 -0.1
131.37 14.46 -0.48
131.75 14.8 -0.87
132.11 15.11 -1.29
132.44 15.38 -1.72
132.74 15.62 -2.17
133.02 15.83 -2.64
133.27 16.009999999999998 -3.12
133.5 16.15 -3.62
133.72 16.259999999999998 -4.12
133.92 16.34 -4.63
134.11 16.39 -5.14
134.29 16.4 -5.65
134.47 16.39 -6.17
134.63 16.34 -6.69
134.79 16.25 -7.22
134.94 16.14 -7.73
135.07 15.99 -8.26
135.18 15.81 -8.8
135.28 15.6 -9.34
135.38 15.35 -9.88
135.46 15.08 -10.41
135.53 14.77 -10.95
135.58 14.43 -11.49
135.62 14.05 -12.04
135.67 13.629999999999999 -12.6
135.71 13.190000000000001 -13.14
135.75 12.719999999999999 -13.69
135.79 12.21 -14.23
135.83 11.68 -14.78
135.86 11.11 -15.32
135.89 10.51 -15.86
135.93 9.870000000000001 -16.41
135.95 9.2 -16.96
135.98 8.6 -17.49
136 8.6 -18.04
136.02 8.6 -18.59
136.03 8.6 -19.13
136.04 8.6 -19.67
136.04 8.6 -20.21
136.04 8.6 -20.76
136.04 8.6 -21.32
136.04 8.6 -21.86
136.03 8.6 -22.4
136.02 8.6 -22.95
136.01 8.6 -23.5
136 8.6 -24.03
135.98 8.6 -24.58
135.97 8.6 -25.13
135.95 8.6 -25.68
135.94 8.6 -26.23
135.92 8.6 -26.77
135.91 8.6 -27.32
135.89 8.6 -27.86
135.88 8.6 -28.39
135.88 8.6 -28.94
135.88 8.6 -29.51
135.89 8.6 -30.06
135.91 8.6 -30.57
135.94 8.6 -31.11
135.97 8.6 -31.66
136.01 8.6 -32.22
136.05 8.6 -32.76
136.08 8.6 -33.3
136.12 8.6 -33.85
136.16 8.6 -34.39
136.21 8.6 -34.94
136.25 8.6 -35.47
136.3 8.6 -36.02
136.34 8.6 -36.57
136.39 8.6 -37.1
136.43 8.6 -37.66
136.48 8.6 -38.2
136.53 8.6 -38.74
136.57 8.6 -39.29
136.62 8.6 -39.84
136.67 8.6 -40.37
136.72 8.6 -40.91
136.77 8.6 -41.46
136.82 8.6 -42
136.87 8.6 -42.54
136.93 8.6 -43.09
136.98 8.6 -43.63
137.04 8.6 -44.17
137.09 8.6 -44.72
137.12 8.6 -45.24
137.15 8.6 -45.81
137.18 8.6 -46.36
137.21 8.6 -46.9
137.24 8.6 -47.44
137.28 8.6 -47.99
137.31 8.6 -48.53
137.34 8.6 -49.07
137.37 8.6 -49.62
137.4 8.6 -50.17
137.43 8.6 -50.71
137.46 8.6 -51.26
137.49 8.6 -51.8
137.52 8.6 -52.34
137.55 8.6 -52.89
137.58 8.6 -53.44
137.6 8.6 -53.97
137.61 8.6 -54.51
137.6 8.6 -55.05
137.58 8.6 -55.61
137.57 8.6 -56.15
137.56 8.6 -56.7
137.54 8.6 -57.25
137.53 8.6 -57.8
137.52 8.6 -58.34
137.5 8.6 -58.88
137.49 8.6 -59.43
137.47 8.6 -59.98
137.46 8.6 -60.52
137.45 8.6 -61.07
137.44 8.6 -61.6
137.43 8.6 -62.15
137.42 8.6 -62.7
137.42 8.6 -63.24
137.41 8.6 -63.79
137.4 8.6 -64.34
137.4 8.6 -64.89
137.4 9.29 -65.43
137.38 9.93 -65.96
137.33 10.57 -66.51
137.22 11.17 -67.04
137.01 11.73 -67.54
136.68 12.26 -67.96
136.24 12.76 -68.29
135.73 13.23 -68.49
135.2 13.67 -68.57
134.65 14.08 -68.56
134.11 14.45 -68.47
133.58 14.79 -68.3
132.47 15.47 -67.34
132.09 15.69 -66.97
131.74 15.87 -66.57
131.4 16.03 -66.13
131.1 16.15 -65.68
130.81 16.240000000000002 -65.22
130.56 16.3 -64.74
130.32 16.33 -64.24
130.12 16.32 -63.73
129.93 16.28 -63.22
129.76 16.21 -62.7
129.6 16.11 -62.16
129.46 15.97 -61.65
129.33 15.81 -61.12
129.22 15.61 -60.59
129.12 15.38 -60.06
129.03 15.11 -59.52
128.94 14.8 -58.96
128.86 14.469999999999999 -58.43
128.77 14.1 -57.88
128.68 13.719999999999999 -57.35
128.59 13.29 -56.82
128.48 12.84 -56.29
128.35 12.35 -55.77
128.18 11.83 -55.25
127.95 11.27 -54.75
127.69 10.68 -54.27
127.37 10.06 -53.83
127 9.4 -53.42
126.59 8.72 -53.06
126.14 8.6 -52.76
125.65 8.6 -52.53
125.13 8.6 -52.38
124.59 8.6 -52.3
124.04 8.6 -52.3
123.5 8.6 -52.34
122.96 8.6 -52.43
122.43 8.6 -52.57
121.92 8.6 -52.77
121.44 8.6 -53.03
120.99 8.6 -53.34
120.56 8.6 -53.67
120.15 8.6 -54.03
119.76 8.6 -54.41
119.38 8.6 -54.81
119.01 8.6 -55.21
118.63 8.6 -55.63
118.28 8.6 -56.02
117.9 8.6 -56.43
117.53 8.6 -56.83
117.16 8.6 -57.23
116.79 8.6 -57.64
116.43 8.6 -58.03
116.06 8.6 -58.44
115.71 8.6 -58.85
115.36 8.6 -59.26
115.02 8.6 -59.69
114.69 8.6 -60.12
114.36 8.6 -60.55
114.03 8.6 -60.99
113.7 8.6 -61.43
113.37 8.6 -61.88
113.05 8.6 -62.32
112.72 8.6 -62.76
112.4 8.6 -63.19
112.07 8.6 -63.64
111.75 8.6 -64.07
111.42 8.6 -64.52
111.1 8.6 -64.95
110.78 8.6 -65.39
110.45 8.6 -65.83
110.12 8.6 -66.27
109.8 8.6 -66.7
109.48 8.6 -67.14
109.15 8.6 -67.58
108.83 8.6 -68.01
108.5 8.6 -68.44
108.17 8.6 -68.88
107.83 8.6 -69.31
107.5 8.6 -69.73
107.16 8.6 -70.16
106.82 8.6 -70.58
106.46 8.6 -71.01
106.11 8.6 -71.43
105.77 8.6 -71.85
105.41 8.6 -72.26
105.05 8.6 -72.66
104.69 8.6 -73.07
104.32 8.6 -73.47
103.95 8.6 -73.86
103.57 8.6 -74.25
103.18 8.6 -74.64
102.79 8.6 -75.01
102.38 8.6 -75.38
101.96 8.6 -75.72
101.48 8.6 -76.07
100.91 8.6 -76.44
100.45 8.6 -76.73
99.97 8.6 -77
99.49 8.6 -77.26
99.01 8.6 -77.51
98.45 8.6 -77.79
97.83 8.6 -78.08
97.35 8.6 -78.29
96.86 8.6 -78.5
96.36 8.6 -78.72
95.85 8.6 -78.94
95.34 8.6 -79.15
94.84 8.6 -79.36
94.34 8.6 -79.57
93.84 8.6 -79.77
93.31 8.6 -79.97
92.8 8.6 -80.15
92.3 8.6 -80.31
91.77 8.6 -80.46
91.25 8.6 -80.58
90.71 8.6 -80.68
90.17 8.6 -80.77
89.63 8.6 -80.84
89.09 8.6 -80.9
88.53 8.6 -80.97
87.99 8.6 -81.03
87.44 8.6 -81.1
86.9 8.6 -81.17
86.36 8.6 -81.23
85.81 8.6 -81.3
85.28 8.6 -81.36
84.74 8.6 -81.43
84.2 8.6 -81.49
83.66 8.6 -81.56
83.11 8.6 -81.63
82.57 8.6 -81.69
82.03 8.6 -81.76
81.49 8.6 -81.82
80.95 8.6 -81.88
80.41 8.6 -81.94
79.86 8.6 -82
79.32 8.6 -82.05
78.78 8.6 -82.11
78.2 8.6 -82.16
77.52 8.6 -82.21
76.98 8.6 -82.24
76.42 8.6 -82.27
75.88 8.6 -82.31
75.33 8.6 -82.34
74.78 8.6 -82.37
74.24 8.6 -82.4
73.7 8.6 -82.42
73.16 8.6 -82.45
72.61 8.6 -82.48
72.06 8.6 -82.5
71.52 8.6 -82.53
70.97 8.6 -82.55
70.42 8.6 -82.57
69.88 8.6 -82.6
69.33 8.6 -82.62
68.78 8.6 -82.64
68.24 8.6 -82.67
67.7 8.6 -82.69
67.17 8.6 -82.71
66.62 8.6 -82.73
66.07 8.6 -82.75
65.52 8.6 -82.77
64.98 8.6 -82.78
64.44 8.6 -82.8
63.88 8.6 -82.82
63.34 8.6 -82.83
62.79 8.6 -82.85
62.25 8.6 -82.86
61.71 8.6 -82.87
61.16 8.6 -82.88
60.61 8.6 -82.89
60.07 8.6 -82.9
59.52 8.6 -82.91
58.97 8.6 -82.92
58.43 8.6 -82.93
57.89 8.6 -82.94
57.34 8.6 -82.95
56.79 8.6 -82.97
56.25 8.6 -82.98
55.7 8.6 -82.99
55.16 8.6 -83
54.61 8.6 -83.01
54.06 8.6 -83.02
53.52 8.6 -83.03
52.98 8.6 -83.04
52.43 8.6 -83.05
51.88 8.6 -83.06
51.33 8.6 -83.07
50.79 8.6 -83.08
50.25 8.6 -83.09
49.7 8.6 -83.1
49.15 8.6 -83.11
48.62 8.6 -83.12
48.07 8.6 -83.13
47.52 8.6 -83.14
46.97 8.6 -83.15
46.43 8.6 -83.16
45.89 8.6 -83.17
45.34 8.6 -83.18
44.79 9.31 -83.19
44.25 9.96 -83.2
43.71 10.59 -83.21
43.16 11.190000000000001 -83.22
42.62 11.75 -83.23
42.07 12.280000000000001 -83.24
41.53 12.780000000000001 -83.25
40.98 13.26 -83.26
40.45 13.68 -83.27
39.89 14.09 -83.28
39.34 14.46 -83.29
38.8 14.8 -83.3
38.25 15.11 -83.31
37.71 15.38 -83.32
37.17 15.62 -83.33
36.63 15.83 -83.34
36.08 16 -83.35
35.54 16.15 -83.36
34.99 16.259999999999998 -83.37
34.44 16.34 -83.38
33.9 16.39 -83.39
33.34 16.4 -83.4
32.8 16.39 -83.4
32.25 16.33 -83.41
31.71 16.25 -83.41
31.17 16.14 -83.42
30.61 15.99 -83.42
30.07 15.81 -83.43
29.53 15.6 -83.43
28.98 15.35 -83.44
28.44 15.08 -83.44
27.89 14.77 -83.45
27.34 14.42 -83.45
26.8 14.05 -83.46
26.25 13.64 -83.46
25.71 13.21 -83.47
25.15 12.719999999999999 -83.47
24.61 12.219999999999999 -83.48
24.07 11.690000000000001 -83.49
23.52 11.120000000000001 -83.49
22.98 10.52 -83.5
22.44 9.89 -83.5
21.89 9.22 -83.51
21.34 8.6 -83.51
20.79 8.6 -83.52
20.25 8.6 -83.52
19.71 8.6 -83.53
19.16 8.6 -83.53
18.62 8.6 -83.54
18.08 8.6 -83.54
17.54 8.6 -83.53
17 8.6 -83.52
16.45 8.6 -83.5
15.91 8.6 -83.47
15.34 8.6 -83.44
14.82 8.6 -83.4
14.27 8.6 -83.36
13.74 8.6 -83.31
13.19 8.6 -83.25
12.64 8.6 -83.19
12.09 8.6 -83.13
11.54 8.6 -83.07
11.01 8.6 -83.01
10.46 8.6 -82.95
9.92 8.6 -82.89
9.38 8.6 -82.83
8.83 8.6 -82.77
8.3 8.6 -82.71
7.77 8.6 -82.64
7.23 8.6 -82.57
6.69 8.6 -82.49
6.16 8.6 -82.4
5.62 8.6 -82.28
5.1 8.6 -82.14
4.57 8.6 -81.97
4.06 8.6 -81.78
3.56 8.6 -81.58
3.06 8.6 -81.34
2.58 8.6 -81.09
2.11 8.6 -80.81
1.65 8.6 -80.51
1.21 8.6 -80.2
0.78 8.6 -79.87
0.35 8.6 -79.53
-0.06 8.6 -79.17
-0.46 8.6 -78.8
-0.85 8.6 -78.42
-1.22 8.6 -78.02
-1.56 8.6 -77.59
-1.88 8.6 -77.15
-2.17 8.6 -76.69
-2.43 8.6 -76.21
-2.65 8.6 -75.71
-2.8 8.6 -75.19
-2.87 8.6 -74.65
-2.88 8.6 -74.1
-2.81 8.6 -73.56
-2.68 8.6 -73.03
-2.51 8.6 -72.51
-2.3 8.6 -72.01
-2.06 8.6 -71.52
-1.79 8.6 -71.05
-1.47 8.6 -70.58
-1.15 8.6 -70.17
-0.79 8.6 -69.76
-0.41 8.6 -69.37
0 8.6 -69
0.41 8.6 -68.65
0.85 8.6 -68.32
1.3 8.6 -68
1.75 8.6 -67.7
2.22 8.6 -67.42
2.69 8.6 -67.15
3.18 8.6 -66.9
3.66 8.6 -66.66
4.16 8.6 -66.42
4.65 8.6 -66.2
5.16 8.6 -65.98
5.66 8.6 -65.78
6.17 8.6 -65.58
6.68 8.6 -65.4
7.2 8.6 -65.22
7.72 8.6 -65.04
8.24 8.6 -64.88
8.76 8.6 -64.71
9.28 8.6 -64.55
9.8 8.6 -64.39
10.32 8.6 -64.22
10.83 8.6 -64.02
11.32 8.6 -63.81
11.82 8.6 -63.57
12.3 8.6 -63.31
12.77 8.6 -63.04
13.23 8.6 -62.75
13.69 8.6 -62.45
14.14 8.6 -62.14
14.57 8.6 -61.81
14.99 8.6 -61.46
15.38 8.6 -61.08
15.75 8.6 -60.68
16.07 8.6 -60.24
16.34 8.6 -59.77
16.54 8.6 -59.26
16.64 8.6 -58.72
16.65 8.6 -58.17
16.55 8.6 -57.64
16.35 8.6 -57.14
16.05 8.6 -56.68
15.69 8.6 -56.27
15.25 8.6 -55.94
14.77 8.6 -55.67
14.28 8.6 -55.45
13.77 8.6 -55.27
13.24 8.6 -55.13
12.71 8.6 -55.01
12.17 8.6 -54.92
11.62 8.6 -54.87
11.08 8.6 -54.83
10.53 8.6 -54.79
9.97 8.6 -54.75
9.42 8.6 -54.72
8.9 8.6 -54.67
8.37 8.6 -54.58
7.83 8.6 -54.46
7.31 8.6 -54.31
6.79 8.6 -54.15
6.26 8.6 -53.98
5.73 8.6 -53.81
5.21 8.6 -53.64
4.69 8.6 -53.47
4.17 8.6 -53.3
3.65 8.6 -53.13
3.14 8.6 -52.97
2.62 8.6 -52.8
2.1 8.6 -52.63
1.59 8.6 -52.45
1.09 8.6 -52.27
0.59 8.6 -52.06
0.1 8.6 -51.83
-0.39 8.6 -51.57
-0.84 8.6 -51.27
-1.26 8.6 -50.93
-1.66 8.6 -50.55
-2.04 8.6 -50.14
-2.39 8.6 -49.74
-2.73 8.6 -49.31
-3.05 8.6 -48.87
-3.36 8.6 -48.42
-3.64 8.6 -47.95
-3.9 8.6 -47.47
-4.14 8.6 -46.98
-4.35 8.6 -46.48
-4.53 8.6 -45.96
-4.69 8.6 -45.44
-4.82 8.6 -44.91
-4.92 8.6 -44.38
-5 8.6 -43.84
-5.04 8.6 -43.29
-5.06 8.6 -42.75
-5.06 8.6 -42.2
-5.02 8.6 -41.66
-4.95 8.6 -41.12
-4.84 8.6 -40.58
-4.72 8.6 -40.05
-4.57 8.6 -39.53
-4.42 8.6 -39
-4.25 8.6 -38.49
-4.07 8.6 -37.97
-3.87 8.6 -37.46
-3.64 8.6 -36.97
-3.39 8.6 -36.48
-3.13 8.6 -36
-2.85 8.6 -35.54
-2.56 8.6 -35.07
-2.25 8.6 -34.62
-1.94 8.6 -34.18
-1.6 8.6 -33.74
-1.26 8.6 -33.33
-0.89 8.6 -32.92
-0.5 8.6 -32.53
-0.1 8.6 -32.17
0.31 8.6 -31.82
0.74 8.6 -31.48
1.19 8.6 -31.15
1.63 8.6 -30.85
2.1 8.6 -30.56
2.57 8.6 -30.29
3.05 8.6 -30.03
3.53 8.6 -29.77
4.02 8.6 -29.53
4.52 8.6 -29.29
5 8.6 -29.06
5.5 8.6 -28.84
6.01 8.6 -28.62
6.5 8.6 -28.41
7.02 8.6 -28.21
7.53 8.6 -28.01
8.04 8.6 -27.82
8.55 8.6 -27.64
9.06 8.6 -27.46
9.58 8.6 -27.28
10.1 8.6 -27.12
10.62 8.6 -26.96
11.16 8.6 -26.79
11.68 8.6 -26.64
12.2 8.6 -26.48
12.72 8.6 -26.34
13.24 8.6 -26.21
13.78 8.6 -26.08
14.31 8.6 -25.97
14.84 8.6 -25.86
15.38 8.6 -25.77
15.92 8.6 -25.68
16.46 8.6 -25.61
17 8.6 -25.55
17.54 8.6 -25.5
18.09 8.6 -25.46
18.63 8.6 -25.44
19.18 8.6 -25.42
19.72 8.6 -25.41
20.28 8.6 -25.39
20.82 8.6 -25.39
21.4 8.6 -25.39
21.9 8.6 -25.39
22.45 8.6 -25.4
23.02 8.6 -25.4
23.56 8.6 -25.41
24.1 8.6 -25.43
24.64 8.6 -25.44
25.19 8.6 -25.46
25.73 8.6 -25.48
26.27 8.6 -25.51
26.82 8.6 -25.55
27.36 8.6 -25.59
27.91 8.6 -25.63
28.45 8.6 -25.68
29 8.6 -25.73
29.53 8.6 -25.78
30.09 8.6 -25.84
30.62 8.6 -25.9
31.18 8.6 -25.96
31.72 8.6 -26.02
32.26 8.6 -26.08
32.8 8.6 -26.14
33.33 8.6 -26.2
33.88 8.6 -26.27
34.42 8.6 -26.33
34.95 8.6 -26.39
35.49 8.6 -26.47
36.03 8.6 -26.54
36.58 8.6 -26.62
37.11 8.6 -26.71
37.66 8.6 -26.8
38.19 8.6 -26.88
38.74 8.6 -26.97
39.28 8.6 -27.07
39.81 8.6 -27.16
40.35 8.6 -27.25
40.89 8.6 -27.34
41.42 8.6 -27.44
41.96 8.6 -27.53
42.5 8.6 -27.62
43.03 8.6 -27.72
43.57 8.6 -27.81
44.11 8.6 -27.91
44.64 8.6 -28
45.19 8.6 -28.09
45.72 8.6 -28.19
46.26 8.6 -28.28
46.8 8.6 -28.37
47.33 8.6 -28.47
47.87 8.6 -28.56
48.41 8.6 -28.66
48.95 8.6 -28.75
49.49 8.6 -28.84
50.02 8.6 -28.94
50.56 8.6 -29.03
51.1 8.6 -29.13
51.63 8.6 -29.22
52.17 8.6 -29.31
52.71 8.6 -29.41
53.24 8.6 -29.5
53.78 8.6 -29.59
54.32 8.6 -29.69
54.86 8.6 -29.78
55.4 8.6 -29.88
55.94 8.6 -29.97
56.47 8.6 -30.06
57 8.6 -30.16
57.45 8.6 -30.8
57.89 8.6 -31.42
58.34 8.6 -32.05
58.78 8.6 -32.69
59.22 8.6 -33.32
59.66 8.6 -33.95
60.11 8.6 -34.58
60.55 8.6 -35.2
61.01 8.6 -35.8
61.5 8.6 -36.4
62.03 8.6 -36.96
62.62 8.6 -37.53
63.18 8.6 -37.99
63.8 8.6 -38.45
64.45 8.6 -38.87
64.97 8.6 -38.73
65.5 8.6 -38.57
66.02 8.6 -38.4
66.55 8.6 -38.23
67.06 8.6 -38.05
67.58 8.6 -37.88
68.1 8.6 -37.71
68.61 8.6 -37.54
69.14 8.6 -37.36
69.65 8.6 -37.19
70.16 8.6 -37.02
70.68 8.6 -36.84
71.18 8.6 -36.65
71.89 8.6 -36.97
72.59 8.6 -37.27
73.31 8.6 -37.56
74.03 8.6 -37.84
74.77 8.6 -38.1
75.49 8.6 -38.33
75.97 8.6 -38.07
76.43 8.6 -37.79
76.89 8.6 -37.48
77.34 8.6 -37.17
77.77 8.6 -36.85
78.2 8.6 -36.51
78.63 8.6 -36.17
79.03 8.6 -35.81
79.43 8.6 -35.43
79.81 8.6 -35.04
80.19 8.6 -34.65
80.59 8.6 -34.24
80.96 8.6 -33.86
81.34 8.6 -33.47
81.72 8.6 -33.07
82.09 8.6 -32.68
82.47 8.6 -32.28
82.84 8.6 -31.88
83.22 8.6 -31.48
83.59 8.6 -31.08
83.96 8.6 -30.68
84.33 8.6 -30.28
84.7 8.6 -29.88
85.07 8.6 -29.48
85.42 8.6 -29.08
85.77 8.6 -28.66
86.11 8.6 -28.24
86.44 8.6 -27.8
86.76 8.6 -27.36
87.08 8.6 -26.91
87.39 8.6 -26.47
87.7 8.6 -26.02
88 8.6 -25.56
88.28 8.6 -25.1
88.54 8.6 -24.62
88.77 8.6 -24.13
89 8.6 -23.63
89.23 8.6 -23.12
89.46 8.6 -22.63
89.69 8.6 -22.12
89.91 8.6 -21.63
90.13 8.6 -21.14
90.36 8.6 -20.64
90.59 8.6 -20.14
90.81 8.6 -19.64
91.04 8.6 -19.14
91.27 8.6 -18.64
91.49 8.6 -18.15
91.71 8.6 -17.66
91.94 8.6 -17.16
92.17 8.6 -16.66
92.39 8.6 -16.16
92.62 8.6 -15.67
92.84 8.6 -15.18
93.07 8.6 -14.68
93.29 8.6 -14.18
93.52 8.6 -13.68
93.75 8.6 -13.19
93.97 8.6 -12.69
94.2 8.6 -12.19
94.42 8.6 -11.7
94.65 8.6 -11.2
94.88 8.6 -10.7
95.1 8.6 -10.21
95.33 8.6 -9.71
95.55 8.6 -9.21
95.78 8.6 -8.72
96 8.6 -8.22
95.73 8.6 -7.5
95.46 8.6 -6.78
95.19 8.6 -6.06
94.92 8.6 -5.33
95.14 8.6 -4.83
95.37 8.6 -4.34
95.59 8.6 -3.84
95.82 8.6 -3.33
96.05 8.6 -2.84
96.27 8.6 -2.36
96.49 8.6 -1.86
96.72 8.6 -1.36
95.49 8.6 -2.77
95.49 8.6 -2.77
95.49 8.6 -2.77
95.49 8.6 -2.77
95.49 8.6 -2.77
95.49 8.6 -2.77
95.49 8.6 -2.77
95.49 8.6 -2.77
95.49 8.6 -2.77
95.49 8.6 -2.77
95.49 8.6 -2.77
96.04 8.6 -2.68
96.58 8.6 -2.59
97.13 8.6 -2.5
97.65 8.6 -2.41
98.19 8.6 -2.32
98.71 8.6 -2.22
99.26 8.6 -2.11
99.8 8.6 -2
100.33 8.6 -1.9
100.86 8.6 -1.79
101.41 8.6 -1.68
101.93 8.6 -1.57
102.46 8.6 -1.45
103 9.3 -1.34
103.53 9.97 -1.22
104.11 10.64 -1.09
104.77 11.370000000000001 -0.94
105.3 11.92 -0.82
105.83 12.45 -0.7
106.36 12.940000000000001 -0.58
106.89 13.39 -0.46
107.43 13.82 -0.34
107.96 14.21 -0.22
108.49 14.57 -0.1
109.02 14.9 0.02
109.55 15.19 0.14
110.09 15.46 0.26
110.62 15.69 0.38
111.15 15.88 0.5
111.68 16.05 0.62
112.21 16.18 0.74
112.76 16.29 0.86
113.3 16.36 0.98
113.82 16.39 1.1
114.36 16.39 1.22
114.89 16.36 1.34
115.43 16.3 1.47
115.95 16.21 1.58
116.49 16.08 1.7
117.01 15.93 1.82
117.54 15.74 1.94
118.07 15.52 2.04
118.6 15.26 2.14
119.15 14.969999999999999 2.23
119.68 14.65 2.31
120.23 14.3 2.39
120.77 13.91 2.47
121.31 13.5 2.53
121.85 13.05 2.59
122.39 12.57 2.62
122.93 12.059999999999999 2.64
123.48 11.51 2.64
124.02 10.93 2.63
124.57 10.32 2.6
125.12 9.67 2.55
125.65 9 2.47
126.19 8.6 2.37
126.72 9.3 2.24
127.24 9.96 2.09
127.76 10.59 1.9
128.26 11.18 1.7
128.75 11.75 1.47
129.23 12.280000000000001 1.21
129.69 12.780000000000001 0.91
130.14 13.25 0.59
130.56 13.690000000000001 0.25
130.97 14.09 -0.1
131.37 14.46 -0.48
131.75 14.8 -0.87
132.11 15.11 -1.29
132.44 15.38 -1.72
132.74 15.62 -2.17
133.02 15.83 -2.64
133.27 16.009999999999998 -3.12
133.5 16.15 -3.62
133.72 16.259999999999998 -4.12
133.92 16.34 -4.63
134.11 16.39 -5.14
134.29 16.4 -5.65
134.47 16.39 -6.17
134.63 16.34 -6.69
134.79 16.25 -7.22
134.94 16.14 -7.73
135.07 15.99 -8.26
135.18 15.81 -8.8
135.28 15.6 -9.34
135.38 15.35 -9.88
135.46 15.08 -10.41
135.53 14.77 -10.95
135.58 14.43 -11.49
135.62 14.05 -12.04
135.67 13.629999999999999 -12.6
135.71 13.190000000000001 -13.14
135.75 12.719999999999999 -13.69
135.79 12.21 -14.23
135.83 11.68 -14.78
135.86 11.11 -15.32
135.89 10.51 -15.86
135.93 9.870000000000001 -16.41
135.95 9.2 -16.96
135.98 8.6 -17.49
136 8.6 -18.04
136.02 8.6 -18.59
136.03 8.6 -19.13
136.04 8.6 -19.67
136.04 8.6 -20.21
136.04 8.6 -20.76
136.04 8.6 -21.32
136.04 8.6 -21.86
136.03 8.6 -22.4
136.02 8.6 -22.95
136.01 8.6 -23.5
136 8.6 -24.03
135.98 8.6 -24.58
135.97 8.6 -25.13
135.95 8.6 -25.68
135.94 8.6 -26.23
135.92 8.6 -26.77
135.91 8.6 -27.32
135.89 8.6 -27.86
135.88 8.6 -28.39
135.88 8.6 -28.94
135.88 8.6 -29.51
135.89 8.6 -30.06
135.91 8.6 -30.57
135.94 8.6 -31.11
135.97 8.6 -31.66
136.01 8.6 -32.22
136.05 8.6 -32.76
136.08 8.6 -33.3
136.12 8.6 -33.85
136.16 8.6 -34.39
136.21 8.6 -34.94
136.25 8.6 -35.47
136.3 8.6 -36.02
136.34 8.6 -36.57
136.39 8.6 -37.1
136.43 8.6 -37.66
136.48 8.6 -38.2
136.53 8.6 -38.74
136.57 8.6 -39.29
136.62 8.6 -39.84
136.67 8.6 -40.37
136.72 8.6 -40.91
136.77 8.6 -41.46
136.82 8.6 -42
136.87 8.6 -42.54
136.93 8.6 -43.09
136.98 8.6 -43.63
137.04 8.6 -44.17
137.09 8.6 -44.72
137.12 8.6 -45.24
137.15 8.6 -45.81
137.18 8.6 -46.36
137.21 8.6 -46.9
137.24 8.6 -47.44
137.28 8.6 -47.99
137.31 8.6 -48.53
137.34 8.6 -49.07
137.37 8.6 -49.62
137.4 8.6 -50.17
137.43 8.6 -50.71
137.46 8.6 -51.26
137.49 8.6 -51.8
137.52 8.6 -52.34
137.55 8.6 -52.89
137.58 8.6 -53.44
137.6 8.6 -53.97
137.61 8.6 -54.51
137.6 8.6 -55.05
137.58 8.6 -55.61
137.57 8.6 -56.15
137.56 8.6 -56.7
137.54 8.6 -57.25
137.53 8.6 -57.8
137.52 8.6 -58.34
137.5 8.6 -58.88
137.49 8.6 -59.43
137.47 8.6 -59.98
137.46 8.6 -60.52
137.45 8.6 -61.07
137.44 8.6 -61.6
137.43 8.6 -62.15
137.42 8.6 -62.7
137.42 8.6 -63.24
137.41 8.6 -63.79
137.4 8.6 -64.34
137.4 8.6 -64.89
137.4 9.29 -65.43
137.38 9.93 -65.96
137.33 10.57 -66.51
137.22 11.17 -67.04
137.01 11.73 -67.54
136.68 12.26 -67.96
136.24 12.76 -68.29
135.73 13.23 -68.49
135.2 13.67 -68.57
134.65 14.08 -68.56
134.11 14.45 -68.47
133.58 14.79 -68.3
132.47 15.47 -67.34
132.09 15.69 -66.97
131.74 15.87 -66.57
131.4 16.03 -66.13
131.1 16.15 -65.68
130.81 16.240000000000002 -65.22
130.56 16.3 -64.74
130.32 16.33 -64.24
130.12 16.32 -63.73
129.93 16.28 -63.22
129.76 16.21 -62.7
129.6 16.11 -62.16
129.46 15.97 -61.65
129.33 15.81 -61.12
129.22 15.61 -60.59
129.12 15.38 -60.06
129.03 15.11 -59.52
128.94 14.8 -58.96
128.86 14.469999999999999 -58.43
128.77 14.1 -57.88
128.68 13.719999999999999 -57.35
128.59 13.29 -56.82
128.48 12.84 -56.29
128.35 12.35 -55.77
128.18 11.83 -55.25
127.95 11.27 -54.75
127.69 10.68 -54.27
127.37 10.06 -53.83
127 9.4 -53.42
126.59 8.72 -53.06
126.14 8.6 -52.76
125.65 8.6 -52.53
125.13 8.6 -52.38
124.59 8.6 -52.3
124.04 8.6 -52.3
123.5 8.6 -52.34
122.96 8.6 -52.43
122.43 8.6 -52.57
121.92 8.6 -52.77
121.44 8.6 -53.03
120.99 8.6 -53.34
120.56 8.6 -53.67
120.15 8.6 -54.03
119.76 8.6 -54.41
119.38 8.6 -54.81
119.01 8.6 -55.21
118.63 8.6 -55.63
118.28 8.6 -56.02
117.9 8.6 -56.43
117.53 8.6 -56.83
117.16 8.6 -57.23
116.79 8.6 -57.64
116.43 8.6 -58.03
116.06 8.6 -58.44
115.71 8.6 -58.85
115.36 8.6 -59.26
115.02 8.6 -59.69
114.69 8.6 -60.12
114.36 8.6 -60.55
114.03 8.6 -60.99
113.7 8.6 -61.43
113.37 8.6 -61.88
113.05 8.6 -62.32
112.72 8.6 -62.76
112.4 8.6 -63.19
112.07 8.6 -63.64
111.75 8.6 -64.07
111.42 8.6 -64.52
111.1 8.6 -64.95
110.78 8.6 -65.39
110.45 8.6 -65.83
110.12 8.6 -66.27
109.8 8.6 -66.7
109.48 8.6 -67.14
109.15 8.6 -67.58
108.83 8.6 -68.01
108.5 8.6 -68.44
108.17 8.6 -68.88
107.83 8.6 -69.31
107.5 8.6 -69.73
107.16 8.6 -70.16
106.82 8.6 -70.58
106.46 8.6 -71.01
106.11 8.6 -71.43
105.77 8.6 -71.85
105.41 8.6 -72.26
105.05 8.6 -72.66
104.69 8.6 -73.07
104.32 8.6 -73.47
103.95 8.6 -73.86
103.57 8.6 -74.25
103.18 8.6 -74.64
102.79 8.6 -75.01
102.38 8.6 -75.38
101.96 8.6 -75.72
101.48 8.6 -76.07
100.91 8.6 -76.44
100.45 8.6 -76.73
99.97 8.6 -77
99.49 8.6 -77.26
99.01 8.6 -77.51
98.45 8.6 -77.79
97.83 8.6 -78.08
97.35 8.6 -78.29
96.86 8.6 -78.5
96.36 8.6 -78.72
95.85 8.6 -78.94
95.34 8.6 -79.15
94.84 8.6 -79.36
94.34 8.6 -79.57
93.84 8.6 -79.77
93.31 8.6 -79.97
92.8 8.6 -80.15
92.3 8.6 -80.31
91.77 8.6 -80.46
91.25 8.6 -80.58
90.71 8.6 -80.68
90.17 8.6 -80.77
89.63 8.6 -80.84
89.09 8.6 -80.9
88.53 8.6 -80.97
87.99 8.6 -81.03
87.44 8.6 -81.1
86.9 8.6 -81.17
86.36 8.6 -81.23
85.81 8.6 -81.3
85.28 8.6 -81.36
84.74 8.6 -81.43
84.2 8.6 -81.49
83.66 8.6 -81.56
83.11 8.6 -81.63
82.57 8.6 -81.69
82.03 8.6 -81.76
81.49 8.6 -81.82
80.95 8.6 -81.88
80.41 8.6 -81.94
79.86 8.6 -82
79.32 8.6 -82.05
78.78 8.6 -82.11
78.2 8.6 -82.16
77.52 8.6 -82.21
76.98 8.6 -82.24
76.42 8.6 -82.27
75.88 8.6 -82.31
75.33 8.6 -82.34
74.78 8.6 -82.37
74.24 8.6 -82.4
73.7 8.6 -82.42
73.16 8.6 -82.45
72.61 8.6 -82.48
72.06 8.6 -82.5
71.52 8.6 -82.53
70.97 8.6 -82.55
70.42 8.6 -82.57
69.88 8.6 -82.6
69.33 8.6 -82.62
68.78 8.6 -82.64
68.24 8.6 -82.67
67.7 8.6 -82.69
67.17 8.6 -82.71
66.62 8.6 -82.73
66.07 8.6 -82.75
65.52 8.6 -82.77
64.98 8.6 -82.78
64.44 8.6 -82.8
63.88 8.6 -82.82
63.34 8.6 -82.83
62.79 8.6 -82.85
62.25 8.6 -82.86
61.71 8.6 -82.87
61.16 8.6 -82.88
60.61 8.6 -82.89
60.07 8.6 -82.9
59.52 8.6 -82.91
58.97 8.6 -82.92
58.43 8.6 -82.93
57.89 8.6 -82.94
57.34 8.6 -82.95
56.79 8.6 -82.97
56.25 8.6 -82.98
55.7 8.6 -82.99
55.16 8.6 -83
54.61 8.6 -83.01
54.06 8.6 -83.02
53.52 8.6 -83.03
52.98 8.6 -83.04
52.43 8.6 -83.05
51.88 8.6 -83.06
51.33 8.6 -83.07
50.79 8.6 -83.08
50.25 8.6 -83.09
49.7 8.6 -83.1
49.15 8.6 -83.11
48.62 8.6 -83.12
48.07 8.6 -83.13
47.52 8.6 -83.14
46.97 8.6 -83.15
46.43 8.6 -83.16
45.89 8.6 -83.17
45.34 8.6 -83.18
44.79 9.31 -83.19
44.25 9.96 -83.2
43.71 10.59 -83.21
43.16 11.190000000000001 -83.22
42.62 11.75 -83.23
42.07 12.280000000000001 -83.24
41.53 12.780000000000001 -83.25
40.98 13.26 -83.26
40.45 13.68 -83.27
39.89 14.09 -83.28
39.34 14.46 -83.29
38.8 14.8 -83.3
38.25 15.11 -83.31
37.71 15.38 -83.32
37.17 15.62 -83.33
36.63 15.83 -83.34
36.08 16 -83.35
35.54 16.15 -83.36
34.99 16.259999999999998 -83.37
34.44 16.34 -83.38
33.9 16.39 -83.39
33.34 16.4 -83.4
32.8 16.39 -83.4
32.25 16.33 -83.41
31.71 16.25 -83.41
31.17 16.14 -83.42
30.61 15.99 -83.42
30.07 15.81 -83.43
29.53 15.6 -83.43
28.98 15.35 -83.44
28.44 15.08 -83.44
27.89 14.77 -83.45
27.34 14.42 -83.45
26.8 14.05 -83.46
26.25 13.64 -83.46
25.71 13.21 -83.47
25.15 12.719999999999999 -83.47
24.61 12.219999999999999 -83.48
24.07 11.690000000000001 -83.49
23.52 11.120000000000001 -83.49
22.98 10.52 -83.5
22.44 9.89 -83.5
21.89 9.22 -83.51
21.34 8.6 -83.51
20.79 8.6 -83.52
20.25 8.6 -83.52
19.71 8.6 -83.53
19.16 8.6 -83.53
18.62 8.6 -83.54
18.08 8.6 -83.54
17.54 8.6 -83.53
17 8.6 -83.52
16.45 8.6 -83.5
15.91 8.6 -83.47
15.34 8.6 -83.44
14.82 8.6 -83.4
14.27 8.6 -83.36
13.74 8.6 -83.31
13.19 8.6 -83.25
12.64 8.6 -83.19
12.09 8.6 -83.13
11.54 8.6 -83.07
11.01 8.6 -83.01
10.46 8.6 -82.95
9.92 8.6 -82.89
9.38 8.6 -82.83
8.83 8.6 -82.77
8.3 8.6 -82.71
7.77 8.6 -82.64
7.23 8.6 -82.57
6.69 8.6 -82.49
6.16 8.6 -82.4
5.62 8.6 -82.28
5.1 8.6 -82.14
4.57 8.6 -81.97
4.06 8.6 -81.78
3.56 8.6 -81.58
3.06 8.6 -81.34
2.58 8.6 -81.09
2.11 8.6 -80.81
1.65 8.6 -80.51
1.21 8.6 -80.2
0.78 8.6 -79.87
0.35 8.6 -79.53
-0.06 8.6 -79.17
-0.46 8.6 -78.8
-0.85 8.6 -78.42
-1.22 8.6 -78.02
-1.56 8.6 -77.59
-1.88 8.6 -77.15
-2.17 8.6 -76.69
-2.43 8.6 -76.21
-2.65 8.6 -75.71
-2.8 8.6 -75.19
-2.87 8.6 -74.65
-2.88 8.6 -74.1
-2.81 8.6 -73.56
-2.68 8.6 -73.03
-2.51 8.6 -72.51
-2.3 8.6 -72.01
-2.06 8.6 -71.52
-1.79 8.6 -71.05
-1.47 8.6 -70.58
-1.15 8.6 -70.17
-0.79 8.6 -69.76
-0.41 8.6 -69.37
0 8.6 -69
0.41 8.6 -68.65
0.85 8.6 -68.32
1.3 8.6 -68
1.75 8.6 -67.7
2.22 8.6 -67.42
2.69 8.6 -67.15
3.18 8.6 -66.9
3.66 8.6 -66.66
4.16 8.6 -66.42
4.65 8.6 -66.2
5.16 8.6 -65.98
5.66 8.6 -65.78
6.17 8.6 -65.58
6.68 8.6 -65.4
7.2 8.6 -65.22
7.72 8.6 -65.04
8.24 8.6 -64.88
8.76 8.6 -64.71
9.28 8.6 -64.55
9.8 8.6 -64.39
10.32 8.6 -64.22
10.83 8.6 -64.02
11.32 8.6 -63.81
11.82 8.6 -63.57
12.3 8.6 -63.31
12.77 8.6 -63.04
13.23 8.6 -62.75
13.69 8.6 -62.45
14.14 8.6 -62.14
14.57 8.6 -61.81
14.99 8.6 -61.46
15.38 8.6 -61.08
15.75 8.6 -60.68
16.07 8.6 -60.24
16.34 8.6 -59.77
16.54 8.6 -59.26
16.64 8.6 -58.72
16.65 8.6 -58.17
16.55 8.6 -57.64
16.35 8.6 -57.14
16.05 8.6 -56.68
15.69 8.6 -56.27
15.25 8.6 -55.94
14.77 8.6 -55.67
14.28 8.6 -55.45
13.77 8.6 -55.27
13.24 8.6 -55.13
12.71 8.6 -55.01
12.17 8.6 -54.92
11.62 8.6 -54.87
11.08 8.6 -54.83
10.53 8.6 -54.79
9.97 8.6 -54.75
9.42 8.6 -54.72
8.9 8.6 -54.67
8.37 8.6 -54.58
7.83 8.6 -54.46
7.31 8.6 -54.31
6.79 8.6 -54.15
6.26 8.6 -53.98
5.73 8.6 -53.81
5.21 8.6 -53.64
4.69 8.6 -53.47
4.17 8.6 -53.3
3.65 8.6 -53.13
3.14 8.6 -52.97
2.62 8.6 -52.8
2.1 8.6 -52.63
1.59 8.6 -52.45
1.09 8.6 -52.27
0.59 8.6 -52.06
0.1 8.6 -51.83
-0.39 8.6 -51.57
-0.84 8.6 -51.27
-1.26 8.6 -50.93
-1.66 8.6 -50.55
-2.04 8.6 -50.14
-2.39 8.6 -49.74
-2.73 8.6 -49.31
-3.05 8.6 -48.87
-3.36 8.6 -48.42
-3.64 8.6 -47.95
-3.9 8.6 -47.47
-4.14 8.6 -46.98
-4.35 8.6 -46.48
-4.53 8.6 -45.96
-4.69 8.6 -45.44
-4.82 8.6 -44.91
-4.92 8.6 -44.38
-5 8.6 -43.84
-5.04 8.6 -43.29
-5.06 8.6 -42.75
-5.06 8.6 -42.2
-5.02 8.6 -41.66
-4.95 8.6 -41.12
-4.84 8.6 -40.58
-4.72 8.6 -40.05
-4.57 8.6 -39.53
-4.42 8.6 -39
-4.25 8.6 -38.49
-4.07 8.6 -37.97
-3.87 8.6 -37.46
-3.64 8.6 -36.97
-3.39 8.6 -36.48
-3.13 8.6 -36
-2.85 8.6 -35.54
-2.56 8.6 -35.07
-2.25 8.6 -34.62
-1.94 8.6 -34.18
-1.6 8.6 -33.74
-1.26 8.6 -33.33
-0.89 8.6 -32.92
-0.5 8.6 -32.53
-0.1 8.6 -32.17
0.31 8.6 -31.82
0.74 8.6 -31.48
1.19 8.6 -31.15
1.63 8.6 -30.85
2.1 8.6 -30.56
2.57 8.6 -30.29
3.05 8.6 -30.03
3.53 8.6 -29.77
4.02 8.6 -29.53
4.52 8.6 -29.29
5 8.6 -29.06
5.5 8.6 -28.84
6.01 8.6 -28.62
6.5 8.6 -28.41
7.02 8.6 -28.21
7.53 8.6 -28.01
8.04 8.6 -27.82
8.55 8.6 -27.64
9.06 8.6 -27.46
9.58 8.6 -27.28
10.1 8.6 -27.12
10.62 8.6 -26.96
11.16 8.6 -26.79
11.68 8.6 -26.64
12.2 8.6 -26.48
12.72 8.6 -26.34
13.24 8.6 -26.21
13.78 8.6 -26.08
14.31 8.6 -25.97
14.84 8.6 -25.86
15.38 8.6 -25.77
15.92 8.6 -25.68
16.46 8.6 -25.61
17 8.6 -25.55
17.54 8.6 -25.5
18.09 8.6 -25.46
18.63 8.6 -25.44
19.18 8.6 -25.42
19.72 8.6 -25.41
20.28 8.6 -25.39
20.82 8.6 -25.39
21.4 8.6 -25.39
21.9 8.6 -25.39
22.45 8.6 -25.4
23.02 8.6 -25.4
23.56 8.6 -25.41
24.1 8.6 -25.43
24.64 8.6 -25.44
25.19 8.6 -25.46
25.73 8.6 -25.48
26.27 8.6 -25.51
26.82 8.6 -25.55
27.36 8.6 -25.59
27.91 8.6 -25.63
28.45 8.6 -25.68
29 8.6 -25.73
29.53 8.6 -25.78
30.09 8.6 -25.84
30.62 8.6 -25.9
31.18 8.6 -25.96
31.72 8.6 -26.02
32.26 8.6 -26.08
32.8 8.6 -26.14
33.33 8.6 -26.2
33.88 8.6 -26.27
34.42 8.6 -26.33
34.95 8.6 -26.39
35.49 8.6 -26.47
36.03 8.6 -26.54
36.58 8.6 -26.62
37.11 8.6 -26.71
37.66 8.6 -26.8
38.19 8.6 -26.88
38.74 8.6 -26.97
39.28 8.6 -27.07
39.81 8.6 -27.16
40.35 8.6 -27.25
40.89 8.6 -27.34
41.42 8.6 -27.44
41.96 8.6 -27.53
42.5 8.6 -27.62
43.03 8.6 -27.72
43.57 8.6 -27.81
44.11 8.6 -27.91
44.64 8.6 -28
45.19 8.6 -28.09
45.72 8.6 -28.19
46.26 8.6 -28.28
46.8 8.6 -28.37
47.33 8.6 -28.47
47.87 8.6 -28.56
48.41 8.6 -28.66
48.95 8.6 -28.75
49.49 8.6 -28.84
50.02 8.6 -28.94
50.56 8.6 -29.03
51.1 8.6 -29.13
51.63 8.6 -29.22
52.17 8.6 -29.31
52.71 8.6 -29.41
53.24 8.6 -29.5
53.78 8.6 -29.59
54.32 8.6 -29.69
54.86 8.6 -29.78
55.4 8.6 -29.88
55.94 8.6 -29.97
56.47 8.6 -30.06
57 8.6 -30.16
57.45 8.6 -30.8
57.89 8.6 -31.42
58.34 8.6 -32.05
58.78 8.6 -32.69
59.22 8.6 -33.32
59.66 8.6 -33.95
60.11 8.6 -34.58
60.55 8.6 -35.2
61.01 8.6 -35.8
61.5 8.6 -36.4
62.03 8.6 -36.96
62.62 8.6 -37.53
63.18 8.6 -37.99
63.8 8.6 -38.45
64.45 8.6 -38.87
64.97 8.6 -38.73
65.5 8.6 -38.57
66.02 8.6 -38.4
66.55 8.6 -38.23
67.06 8.6 -38.05
67.58 8.6 -37.88
68.1 8.6 -37.71
68.61 8.6 -37.54
69.14 8.6 -37.36
69.65 8.6 -37.19
70.16 8.6 -37.02
70.68 8.6 -36.84
71.18 8.6 -36.65
71.89 8.6 -36.97
72.59 8.6 -37.27
73.31 8.6 -37.56
74.03 8.6 -37.84
74.77 8.6 -38.1
75.49 8.6 -38.33
75.97 8.6 -38.07
76.43 8.6 -37.79
76.89 8.6 -37.48
77.34 8.6 -37.17
77.77 8.6 -36.85
78.2 8.6 -36.51
78.63 8.6 -36.17
79.03 8.6 -35.81
79.43 8.6 -35.43
79.81 8.6 -35.04
80.19 8.6 -34.65
80.59 8.6 -34.24
80.96 8.6 -33.86
81.34 8.6 -33.47
81.72 8.6 -33.07
82.09 8.6 -32.68
82.47 8.6 -32.28
82.84 8.6 -31.88
83.22 8.6 -31.48
83.59 8.6 -31.08
83.96 8.6 -30.68
84.33 8.6 -30.28
84.7 8.6 -29.88
85.07 8.6 -29.48
85.42 8.6 -29.08
85.77 8.6 -28.66
86.11 8.6 -28.24
86.44 8.6 -27.8
86.76 8.6 -27.36
87.08 8.6 -26.91
87.39 8.6 -26.47
87.7 8.6 -26.02
88 8.6 -25.56
88.28 8.6 -25.1
88.54 8.6 -24.62
88.77 8.6 -24.13
89 8.6 -23.63
89.23 8.6 -23.12
89.46 8.6 -22.63
89.69 8.6 -22.12
89.91 8.6 -21.63
90.13 8.6 -21.14
90.36 8.6 -20.64
90.59 8.6 -20.14
90.81 8.6 -19.64
91.04 8.6 -19.14
91.27 8.6 -18.64
91.49 8.6 -18.15
91.71 8.6 -17.66
91.94 8.6 -17.16
92.17 8.6 -16.66
92.39 8.6 -16.16
92.62 8.6 -15.67
92.84 8.6 -15.18
93.07 8.6 -14.68
93.29 8.6 -14.18
93.52 8.6 -13.68
93.75 8.6 -13.19
93.97 8.6 -12.69
94.2 8.6 -12.19
94.42 8.6 -11.7
94.65 8.6 -11.2
94.88 8.6 -10.7
95.1 8.6 -10.21
95.33 8.6 -9.71
95.55 8.6 -9.21
95.78 8.6 -8.72
96 8.6 -8.22
95.73 8.6 -7.5
95.46 8.6 -6.78
95.19 8.6 -6.06
94.92 8.6 -5.33
95.14 8.6 -4.83
95.37 8.6 -4.34
95.59 8.6 -3.84
95.82 8.6 -3.33
96.05 8.6 -2.84
96.27 8.6 -2.36
96.49 8.6 -1.86
96.72 8.6 -1.36
96.72 8.6 -1.36
95.49 8.6 -2.77
95.49 8.6 -2.77
95.49 8.6 -2.77
95.49 8.6 -2.77
95.49 8.6 -2.77
95.49 8.6 -2.77
95.49 8.6 -2.77
95.49 8.6 -2.77
95.49 8.6 -2.77
95.49 8.6 -2.77
95.49 8.6 -2.77
96.04 8.6 -2.68
96.58 8.6 -2.59
97.13 8.6 -2.5
97.65 8.6 -2.41
98.19 8.6 -2.32
98.71 8.6 -2.22
99.26 8.6 -2.11
99.8 8.6 -2
100.33 8.6 -1.9
100.86 8.6 -1.79
101.41 8.6 -1.68
101.93 8.6 -1.57
102.46 8.6 -1.45
103 9.3 -1.34
103.53 9.97 -1.22
104.11 10.64 -1.09
104.77 11.370000000000001 -0.94
105.3 11.92 -0.82
105.83 12.45 -0.7
106.36 12.940000000000001 -0.58
106.89 13.39 -0.46
107.43 13.82 -0.34
107.96 14.21 -0.22
108.49 14.57 -0.1
109.02 14.9 0.02
109.55 15.19 0.14
110.09 15.46 0.26
110.62 15.69 0.38
111.15 15.88 0.5
111.68 16.05 0.62
112.21 16.18 0.74
112.76 16.29 0.86
113.3 16.36 0.98
113.82 16.39 1.1
114.36 16.39 1.22
114.89 16.36 1.34
115.43 16.3 1.47
115.95 16.21 1.58
116.49 16.08 1.7
117.01 15.93 1.82
117.54 15.74 1.94
118.07 15.52 2.04
118.6 15.26 2.14
119.15 14.969999999999999 2.23
119.68 14.65 2.31
120.23 14.3 2.39
120.77 13.91 2.47
121.31 13.5 2.53
121.85 13.05 2.59
122.39 12.57 2.62
122.93 12.059999999999999 2.64
123.48 11.51 2.64
124.02 10.93 2.63
124.57 10.32 2.6
125.12 9.67 2.55
125.65 9 2.47
126.19 8.6 2.37
126.72 9.3 2.24
127.24 9.96 2.09
127.76 10.59 1.9
128.26 11.18 1.7
128.75 11.75 1.47
129.23 12.280000000000001 1.21
129.69 12.780000000000001 0.91
130.14 13.25 0.59
130.56 13.690000000000001 0.25
130.97 14.09 -0.1
131.37 14.46 -0.48
131.75 14.8 -0.87
132.11 15.11 -1.29
132.44 15.38 -1.72
132.74 15.62 -2.17
133.02 15.83 -2.64
133.27 16.009999999999998 -3.12
133.5 16.15 -3.62
133.72 16.259999999999998 -4.12
133.92 16.34 -4.63
134.11 16.39 -5.14
134.29 16.4 -5.65
134.47 16.39 -6.17
134.63 16.34 -6.69
134.79 16.25 -7.22
134.94 16.14 -7.73
135.07 15.99 -8.26
135.18 15.81 -8.8
135.28 15.6 -9.34
135.38 15.35 -9.88
135.46 15.08 -10.41
135.53 14.77 -10.95
135.58 14.43 -11.49
135.62 14.05 -12.04
135.67 13.629999999999999 -12.6
135.71 13.190000000000001 -13.14
135.75 12.719999999999999 -13.69
135.79 12.21 -14.23
135.83 11.68 -14.78
135.86 11.11 -15.32
135.89 10.51 -15.86
135.93 9.870000000000001 -16.41
135.95 9.2 -16.96
135.98 8.6 -17.49
136 8.6 -18.04
136.02 8.6 -18.59
136.03 8.6 -19.13
136.04 8.6 -19.67
136.04 8.6 -20.21
136.04 8.6 -20.76
136.04 8.6 -21.32
136.04 8.6 -21.86
136.03 8.6 -22.4
136.02 8.6 -22.95
136.01 8.6 -23.5
136 8.6 -24.03
135.98 8.6 -24.58
135.97 8.6 -25.13
135.95 8.6 -25.68
135.94 8.6 -26.23
135.92 8.6 -26.77
135.91 8.6 -27.32
135.89 8.6 -27.86
135.88 8.6 -28.39
135.88 8.6 -28.94
135.88 8.6 -29.51
135.89 8.6 -30.06
135.91 8.6 -30.57
135.94 8.6 -31.11
135.97 8.6 -31.66
136.01 8.6 -32.22
136.05 8.6 -32.76
136.08 8.6 -33.3
136.12 8.6 -33.85
136.16 8.6 -34.39
136.21 8.6 -34.94
136.25 8.6 -35.47
136.3 8.6 -36.02
136.34 8.6 -36.57
136.39 8.6 -37.1
136.43 8.6 -37.66
136.48 8.6 -38.2
136.53 8.6 -38.74
136.57 8.6 -39.29
136.62 8.6 -39.84
136.67 8.6 -40.37
136.72 8.6 -40.91
136.77 8.6 -41.46
136.82 8.6 -42
136.87 8.6 -42.54
136.93 8.6 -43.09
136.98 8.6 -43.63
137.04 8.6 -44.17
137.09 8.6 -44.72
137.12 8.6 -45.24
137.15 8.6 -45.81
137.18 8.6 -46.36
137.21 8.6 -46.9
137.24 8.6 -47.44
137.28 8.6 -47.99
137.31 8.6 -48.53
137.34 8.6 -49.07
137.37 8.6 -49.62
137.4 8.6 -50.17
137.43 8.6 -50.71
137.46 8.6 -51.26
137.49 8.6 -51.8
137.52 8.6 -52.34
137.55 8.6 -52.89
137.58 8.6 -53.44
137.6 8.6 -53.97
137.61 8.6 -54.51
137.6 8.6 -55.05
137.58 8.6 -55.61
137.57 8.6 -56.15
137.56 8.6 -56.7
137.54 8.6 -57.25
137.53 8.6 -57.8
137.52 8.6 -58.34
137.5 8.6 -58.88
137.49 8.6 -59.43
137.47 8.6 -59.98
137.46 8.6 -60.52
137.45 8.6 -61.07
137.44 8.6 -61.6
137.43 8.6 -62.15
137.42 8.6 -62.7
137.42 8.6 -63.24
137.41 8.6 -63.79
137.4 8.6 -64.34
137.4 8.6 -64.89
137.4 9.29 -65.43
137.38 9.93 -65.96
137.33 10.57 -66.51
137.22 11.17 -67.04
137.01 11.73 -67.54
136.68 12.26 -67.96
136.24 12.76 -68.29
135.73 13.23 -68.49
135.2 13.67 -68.57
134.65 14.08 -68.56
134.11 14.45 -68.47
133.58 14.79 -68.3
132.47 15.47 -67.34
132.09 15.69 -66.97
131.74 15.87 -66.57
131.4 16.03 -66.13
131.1 16.15 -65.68
130.81 16.240000000000002 -65.22
130.56 16.3 -64.74
130.32 16.33 -64.24
130.12 16.32 -63.73
129.93 16.28 -63.22
129.76 16.21 -62.7
129.6 16.11 -62.16
129.46 15.97 -61.65
129.33 15.81 -61.12
129.22 15.61 -60.59
129.12 15.38 -60.06
129.03 15.11 -59.52
128.94 14.8 -58.96
128.86 14.469999999999999 -58.43
128.77 14.1 -57.88
128.68 13.719999999999999 -57.35
128.59 13.29 -56.82
128.48 12.84 -56.29
128.35 12.35 -55.77
128.18 11.83 -55.25
127.95 11.27 -54.75
127.69 10.68 -54.27
127.37 10.06 -53.83
127 9.4 -53.42
126.59 8.72 -53.06
126.14 8.6 -52.76
125.65 8.6 -52.53
125.13 8.6 -52.38
124.59 8.6 -52.3
124.04 8.6 -52.3
123.5 8.6 -52.34
122.96 8.6 -52.43
122.43 8.6 -52.57
121.92 8.6 -52.77
121.44 8.6 -53.03
120.99 8.6 -53.34
120.56 8.6 -53.67
120.15 8.6 -54.03
119.76 8.6 -54.41
119.38 8.6 -54.81
119.01 8.6 -55.21
118.63 8.6 -55.63
118.28 8.6 -56.02
117.9 8.6 -56.43
117.53 8.6 -56.83
117.16 8.6 -57.23
116.79 8.6 -57.64
116.43 8.6 -58.03
116.06 8.6 -58.44
115.71 8.6 -58.85
115.36 8.6 -59.26
115.02 8.6 -59.69
114.69 8.6 -60.12
114.36 8.6 -60.55
114.03 8.6 -60.99
113.7 8.6 -61.43
113.37 8.6 -61.88
113.05 8.6 -62.32
112.72 8.6 -62.76
112.4 8.6 -63.19
112.07 8.6 -63.64
111.75 8.6 -64.07
111.42 8.6 -64.52
111.1 8.6 -64.95
110.78 8.6 -65.39
110.45 8.6 -65.83
110.12 8.6 -66.27
109.8 8.6 -66.7
109.48 8.6 -67.14
109.15 8.6 -67.58
108.83 8.6 -68.01
108.5 8.6 -68.44
108.17 8.6 -68.88
107.83 8.6 -69.31
107.5 8.6 -69.73
107.16 8.6 -70.16
106.82 8.6 -70.58
106.46 8.6 -71.01
106.11 8.6 -71.43
105.77 8.6 -71.85
105.41 8.6 -72.26
105.05 8.6 -72.66
104.69 8.6 -73.07
104.32 8.6 -73.47
103.95 8.6 -73.86
103.57 8.6 -74.25
103.18 8.6 -74.64
102.79 8.6 -75.01
102.38 8.6 -75.38
101.96 8.6 -75.72
101.48 8.6 -76.07
100.91 8.6 -76.44
100.45 8.6 -76.73
99.97 8.6 -77
99.49 8.6 -77.26
99.01 8.6 -77.51
98.45 8.6 -77.79
97.83 8.6 -78.08
97.35 8.6 -78.29
96.86 8.6 -78.5
96.36 8.6 -78.72
95.85 8.6 -78.94
95.34 8.6 -79.15
94.84 8.6 -79.36
94.34 8.6 -79.57
93.84 8.6 -79.77
93.31 8.6 -79.97
92.8 8.6 -80.15
92.3 8.6 -80.31
91.77 8.6 -80.46
91.25 8.6 -80.58
90.71 8.6 -80.68
90.17 8.6 -80.77
89.63 8.6 -80.84
89.09 8.6 -80.9
88.53 8.6 -80.97
87.99 8.6 -81.03
87.44 8.6 -81.1
86.9 8.6 -81.17
86.36 8.6 -81.23
85.81 8.6 -81.3
85.28 8.6 -81.36
84.74 8.6 -81.43
84.2 8.6 -81.49
83.66 8.6 -81.56
83.11 8.6 -81.63
82.57 8.6 -81.69
82.03 8.6 -81.76
81.49 8.6 -81.82
80.95 8.6 -81.88
80.41 8.6 -81.94
79.86 8.6 -82
79.32 8.6 -82.05
78.78 8.6 -82.11
78.2 8.6 -82.16
77.52 8.6 -82.21
76.98 8.6 -82.24
76.42 8.6 -82.27
75.88 8.6 -82.31
75.33 8.6 -82.34
74.78 8.6 -82.37
74.24 8.6 -82.4
73.7 8.6 -82.42
73.16 8.6 -82.45
72.61 8.6 -82.48
72.06 8.6 -82.5
71.52 8.6 -82.53
70.97 8.6 -82.55
70.42 8.6 -82.57
69.88 8.6 -82.6
69.33 8.6 -82.62
68.78 8.6 -82.64
68.24 8.6 -82.67
67.7 8.6 -82.69
67.17 8.6 -82.71
66.62 8.6 -82.73
66.07 8.6 -82.75
65.52 8.6 -82.77
64.98 8.6 -82.78
64.44 8.6 -82.8
63.88 8.6 -82.82
63.34 8.6 -82.83
62.79 8.6 -82.85
62.25 8.6 -82.86
61.71 8.6 -82.87
61.16 8.6 -82.88
60.61 8.6 -82.89
60.07 8.6 -82.9
59.52 8.6 -82.91
58.97 8.6 -82.92
58.43 8.6 -82.93
57.89 8.6 -82.94
57.34 8.6 -82.95
56.79 8.6 -82.97
56.25 8.6 -82.98
55.7 8.6 -82.99
55.16 8.6 -83
54.61 8.6 -83.01
54.06 8.6 -83.02
53.52 8.6 -83.03
52.98 8.6 -83.04
52.43 8.6 -83.05
51.88 8.6 -83.06
51.33 8.6 -83.07
50.79 8.6 -83.08
50.25 8.6 -83.09
49.7 8.6 -83.1
49.15 8.6 -83.11
48.62 8.6 -83.12
48.07 8.6 -83.13
47.52 8.6 -83.14
46.97 8.6 -83.15
46.43 8.6 -83.16
45.89 8.6 -83.17
45.34 8.6 -83.18
44.79 9.31 -83.19
44.25 9.96 -83.2
43.71 10.59 -83.21
43.16 11.190000000000001 -83.22
42.62 11.75 -83.23
42.07 12.280000000000001 -83.24
41.53 12.780000000000001 -83.25
40.98 13.26 -83.26
40.45 13.68 -83.27
39.89 14.09 -83.28
39.34 14.46 -83.29
38.8 14.8 -83.3
38.25 15.11 -83.31
37.71 15.38 -83.32
37.17 15.62 -83.33
36.63 15.83 -83.34
36.08 16 -83.35
35.54 16.15 -83.36
34.99 16.259999999999998 -83.37
34.44 16.34 -83.38
33.9 16.39 -83.39
33.34 16.4 -83.4
32.8 16.39 -83.4
32.25 16.33 -83.41
31.71 16.25 -83.41
31.17 16.14 -83.42
30.61 15.99 -83.42
30.07 15.81 -83.43
29.53 15.6 -83.43
28.98 15.35 -83.44
28.44 15.08 -83.44
27.89 14.77 -83.45
27.34 14.42 -83.45
26.8 14.05 -83.46
26.25 13.64 -83.46
25.71 13.21 -83.47
25.15 12.719999999999999 -83.47
24.61 12.219999999999999 -83.48
24.07 11.690000000000001 -83.49
23.52 11.120000000000001 -83.49
22.98 10.52 -83.5
22.44 9.89 -83.5
21.89 9.22 -83.51
21.34 8.6 -83.51
20.79 8.6 -83.52
20.25 8.6 -83.52
19.71 8.6 -83.53
19.16 8.6 -83.53
18.62 8.6 -83.54
18.08 8.6 -83.54
17.54 8.6 -83.53
17 8.6 -83.52
16.45 8.6 -83.5
15.91 8.6 -83.47
15.34 8.6 -83.44
14.82 8.6 -83.4
14.27 8.6 -83.36
13.74 8.6 -83.31
13.19 8.6 -83.25
12.64 8.6 -83.19
12.09 8.6 -83.13
11.54 8.6 -83.07
11.01 8.6 -83.01
10.46 8.6 -82.95
9.92 8.6 -82.89
9.38 8.6 -82.83
8.83 8.6 -82.77
8.3 8.6 -82.71
7.77 8.6 -82.64
7.23 8.6 -82.57
6.69 8.6 -82.49
6.16 8.6 -82.4
5.62 8.6 -82.28
5.1 8.6 -82.14
4.57 8.6 -81.97
4.06 8.6 -81.78
3.56 8.6 -81.58
3.06 8.6 -81.34
2.58 8.6 -81.09
2.11 8.6 -80.81
1.65 8.6 -80.51
1.21 8.6 -80.2
0.78 8.6 -79.87
0.35 8.6 -79.53
-0.06 8.6 -79.17
-0.46 8.6 -78.8
-0.85 8.6 -78.42
-1.22 8.6 -78.02
-1.56 8.6 -77.59
-1.88 8.6 -77.15
-2.17 8.6 -76.69
-2.43 8.6 -76.21
-2.65 8.6 -75.71
-2.8 8.6 -75.19
-2.87 8.6 -74.65
-2.88 8.6 -74.1
-2.81 8.6 -73.56
-2.68 8.6 -73.03
-2.51 8.6 -72.51
-2.3 8.6 -72.01
-2.06 8.6 -71.52
-1.79 8.6 -71.05
-1.47 8.6 -70.58
-1.15 8.6 -70.17
-0.79 8.6 -69.76
-0.41 8.6 -69.37
0 8.6 -69
0.41 8.6 -68.65
0.85 8.6 -68.32
1.3 8.6 -68
1.75 8.6 -67.7
2.22 8.6 -67.42
2.69 8.6 -67.15
3.18 8.6 -66.9
3.66 8.6 -66.66
4.16 8.6 -66.42
4.65 8.6 -66.2
5.16 8.6 -65.98
5.66 8.6 -65.78
6.17 8.6 -65.58
6.68 8.6 -65.4
7.2 8.6 -65.22
7.72 8.6 -65.04
8.24 8.6 -64.88
8.76 8.6 -64.71
9.28 8.6 -64.55
9.8 8.6 -64.39
10.32 8.6 -64.22
10.83 8.6 -64.02
11.32 8.6 -63.81
11.82 8.6 -63.57
12.3 8.6 -63.31
12.77 8.6 -63.04
13.23 8.6 -62.75
13.69 8.6 -62.45
14.14 8.6 -62.14
14.57 8.6 -61.81
14.99 8.6 -61.46
15.38 8.6 -61.08
15.75 8.6 -60.68
16.07 8.6 -60.24
16.34 8.6 -59.77
16.54 8.6 -59.26
16.64 8.6 -58.72
16.65 8.6 -58.17
16.55 8.6 -57.64
16.35 8.6 -57.14
16.05 8.6 -56.68
15.69 8.6 -56.27
15.25 8.6 -55.94
14.77 8.6 -55.67
14.28 8.6 -55.45
13.77 8.6 -55.27
13.24 8.6 -55.13
12.71 8.6 -55.01
12.17 8.6 -54.92
11.62 8.6 -54.87
11.08 8.6 -54.83
10.53 8.6 -54.79
9.97 8.6 -54.75
9.42 8.6 -54.72
8.9 8.6 -54.67
8.37 8.6 -54.58
7.83 8.6 -54.46
7.31 8.6 -54.31
6.79 8.6 -54.15
6.26 8.6 -53.98
5.73 8.6 -53.81
5.21 8.6 -53.64
4.69 8.6 -53.47
4.17 8.6 -53.3
3.65 8.6 -53.13
3.14 8.6 -52.97
2.62 8.6 -52.8
2.1 8.6 -52.63
1.59 8.6 -52.45
1.09 8.6 -52.27
0.59 8.6 -52.06
0.1 8.6 -51.83
-0.39 8.6 -51.57
-0.84 8.6 -51.27
-1.26 8.6 -50.93
-1.66 8.6 -50.55
-2.04 8.6 -50.14
-2.39 8.6 -49.74
-2.73 8.6 -49.31
-3.05 8.6 -48.87
-3.36 8.6 -48.42
-3.64 8.6 -47.95
-3.9 8.6 -47.47
-4.14 8.6 -46.98
-4.35 8.6 -46.48
-4.53 8.6 -45.96
-4.69 8.6 -45.44
-4.82 8.6 -44.91
-4.92 8.6 -44.38
-5 8.6 -43.84
-5.04 8.6 -43.29
-5.06 8.6 -42.75
-5.06 8.6 -42.2
-5.02 8.6 -41.66
-4.95 8.6 -41.12
-4.84 8.6 -40.58
-4.72 8.6 -40.05
-4.57 8.6 -39.53
-4.42 8.6 -39
-4.25 8.6 -38.49
-4.07 8.6 -37.97
-3.87 8.6 -37.46
-3.64 8.6 -36.97
-3.39 8.6 -36.48
-3.13 8.6 -36
-2.85 8.6 -35.54
-2.56 8.6 -35.07
-2.25 8.6 -34.62
-1.94 8.6 -34.18
-1.6 8.6 -33.74
-1.26 8.6 -33.33
-0.89 8.6 -32.92
-0.5 8.6 -32.53
-0.1 8.6 -32.17
0.31 8.6 -31.82
0.74 8.6 -31.48
1.19 8.6 -31.15
1.63 8.6 -30.85
2.1 8.6 -30.56
2.57 8.6 -30.29
3.05 8.6 -30.03
3.53 8.6 -29.77
4.02 8.6 -29.53
4.52 8.6 -29.29
5 8.6 -29.06
5.5 8.6 -28.84
6.01 8.6 -28.62
6.5 8.6 -28.41
7.02 8.6 -28.21
7.53 8.6 -28.01
8.04 8.6 -27.82
8.55 8.6 -27.64
9.06 8.6 -27.46
9.58 8.6 -27.28
10.1 8.6 -27.12
10.62 8.6 -26.96
11.16 8.6 -26.79
11.68 8.6 -26.64
12.2 8.6 -26.48
12.72 8.6 -26.34
13.24 8.6 -26.21
13.78 8.6 -26.08
14.31 8.6 -25.97
14.84 8.6 -25.86
15.38 8.6 -25.77
15.92 8.6 -25.68
16.46 8.6 -25.61
17 8.6 -25.55
17.54 8.6 -25.5
18.09 8.6 -25.46
18.63 8.6 -25.44
19.18 8.6 -25.42
19.72 8.6 -25.41
20.28 8.6 -25.39
20.82 8.6 -25.39
21.4 8.6 -25.39
21.9 8.6 -25.39
22.45 8.6 -25.4
23.02 8.6 -25.4
23.56 8.6 -25.41
24.1 8.6 -25.43
24.64 8.6 -25.44
25.19 8.6 -25.46
25.73 8.6 -25.48
26.27 8.6 -25.51
26.82 8.6 -25.55
27.36 8.6 -25.59
27.91 8.6 -25.63
28.45 8.6 -25.68
29 8.6 -25.73
29.53 8.6 -25.78
30.09 8.6 -25.84
30.62 8.6 -25.9
31.18 8.6 -25.96
31.72 8.6 -26.02
32.26 8.6 -26.08
32.8 8.6 -26.14
33.33 8.6 -26.2
33.88 8.6 -26.27
34.42 8.6 -26.33
34.95 8.6 -26.39
35.49 8.6 -26.47
36.03 8.6 -26.54
36.58 8.6 -26.62
37.11 8.6 -26.71
37.66 8.6 -26.8
38.19 8.6 -26.88
38.74 8.6 -26.97
39.28 8.6 -27.07
39.81 8.6 -27.16
40.35 8.6 -27.25
40.89 8.6 -27.34
41.42 8.6 -27.44
41.96 8.6 -27.53
42.5 8.6 -27.62
43.03 8.6 -27.72
43.57 8.6 -27.81
44.11 8.6 -27.91
44.64 8.6 -28
45.19 8.6 -28.09
45.72 8.6 -28.19
46.26 8.6 -28.28
46.8 8.6 -28.37
47.33 8.6 -28.47
47.87 8.6 -28.56
48.41 8.6 -28.66
48.95 8.6 -28.75
49.49 8.6 -28.84
50.02 8.6 -28.94
50.56 8.6 -29.03
51.1 8.6 -29.13
51.63 8.6 -29.22
52.17 8.6 -29.31
52.71 8.6 -29.41
53.24 8.6 -29.5
53.78 8.6 -29.59
54.32 8.6 -29.69
54.86 8.6 -29.78
55.4 8.6 -29.88
55.94 8.6 -29.97
56.47 8.6 -30.06
57 8.6 -30.16
57.45 8.6 -30.8
57.89 8.6 -31.42
58.34 8.6 -32.05
58.78 8.6 -32.69
59.22 8.6 -33.32
59.66 8.6 -33.95
60.11 8.6 -34.58
60.55 8.6 -35.2
61.01 8.6 -35.8
61.5 8.6 -36.4
62.03 8.6 -36.96
62.62 8.6 -37.53
63.18 8.6 -37.99
63.8 8.6 -38.45
64.45 8.6 -38.87
64.97 8.6 -38.73
65.5 8.6 -38.57
66.02 8.6 -38.4
66.55 8.6 -38.23
67.06 8.6 -38.05
67.58 8.6 -37.88
68.1 8.6 -37.71
68.61 8.6 -37.54
69.14 8.6 -37.36
69.65 8.6 -37.19
70.16 8.6 -37.02
70.68 8.6 -36.84
71.18 8.6 -36.65
71.89 8.6 -36.97
72.59 8.6 -37.27
73.31 8.6 -37.56
74.03 8.6 -37.84
74.77 8.6 -38.1
75.49 8.6 -38.33
75.97 8.6 -38.07
76.43 8.6 -37.79
76.89 8.6 -37.48
77.34 8.6 -37.17
77.77 8.6 -36.85
78.2 8.6 -36.51
78.63 8.6 -36.17
79.03 8.6 -35.81
79.43 8.6 -35.43
79.81 8.6 -35.04
80.19 8.6 -34.65
80.59 8.6 -34.24
80.96 8.6 -33.86
81.34 8.6 -33.47
81.72 8.6 -33.07
82.09 8.6 -32.68
82.47 8.6 -32.28
82.84 8.6 -31.88
83.22 8.6 -31.48
83.59 8.6 -31.08
83.96 8.6 -30.68
84.33 8.6 -30.28
84.7 8.6 -29.88
85.07 8.6 -29.48
85.42 8.6 -29.08
85.77 8.6 -28.66
86.11 8.6 -28.24
86.44 8.6 -27.8
86.76 8.6 -27.36
87.08 8.6 -26.91
87.39 8.6 -26.47
87.7 8.6 -26.02
88 8.6 -25.56
88.28 8.6 -25.1
88.54 8.6 -24.62
88.77 8.6 -24.13
89 8.6 -23.63
89.23 8.6 -23.12
89.46 8.6 -22.63
89.69 8.6 -22.12
89.91 8.6 -21.63
90.13 8.6 -21.14
90.36 8.6 -20.64
90.59 8.6 -20.14
90.81 8.6 -19.64
91.04 8.6 -19.14
91.27 8.6 -18.64
91.49 8.6 -18.15
91.71 8.6 -17.66
91.94 8.6 -17.16
92.17 8.6 -16.66
92.39 8.6 -16.16
92.62 8.6 -15.67
92.84 8.6 -15.18
93.07 8.6 -14.68
93.29 8.6 -14.18
93.52 8.6 -13.68
93.75 8.6 -13.19
93.97 8.6 -12.69
94.2 8.6 -12.19
94.42 8.6 -11.7
94.65 8.6 -11.2
94.88 8.6 -10.7
95.1 8.6 -10.21
95.33 8.6 -9.71
95.55 8.6 -9.21
95.78 8.6 -8.72
96 8.6 -8.22
95.73 8.6 -7.5
95.46 8.6 -6.78
95.19 8.6 -6.06
94.92 8.6 -5.33
95.14 8.6 -4.83
95.37 8.6 -4.34
95.59 8.6 -3.84
95.82 8.6 -3.33
96.05 8.6 -2.84
96.27 8.6 -2.36
96.49 8.6 -1.86
96.72 8.6 -1.36
96.72 8.6 -1.36
96.72 8.6 -1.36
95.49 8.6 -2.77
95.49 8.6 -2.77
95.49 8.6 -2.77
95.49 8.6 -2.77
95.49 8.6 -2.77
95.49 8.6 -2.77
95.49 8.6 -2.77
95.49 8.6 -2.77
95.49 8.6 -2.77
95.49 8.6 -2.77
95.49 8.6 -2.77
96.04 8.6 -2.68
96.58 8.6 -2.59
97.13 8.6 -2.5
97.65 8.6 -2.41
98.19 8.6 -2.32
98.71 8.6 -2.22
99.26 8.6 -2.11
99.8 8.6 -2
100.33 8.6 -1.9
100.86 8.6 -1.79
101.41 8.6 -1.68
101.93 8.6 -1.57
102.46 8.6 -1.45
103 9.3 -1.34
103.53 9.97 -1.22
104.11 10.64 -1.09
104.77 11.370000000000001 -0.94
105.3 11.92 -0.82
105.83 12.45 -0.7
106.36 12.940000000000001 -0.58
106.89 13.39 -0.46
107.43 13.82 -0.34
107.96 14.21 -0.22
108.49 14.57 -0.1
109.02 14.9 0.02
109.55 15.19 0.14
110.09 15.46 0.26
110.62 15.69 0.38
111.15 15.88 0.5
111.68 16.05 0.62
112.21 16.18 0.74
112.76 16.29 0.86
113.3 16.36 0.98
113.82 16.39 1.1
114.36 16.39 1.22
114.89 16.36 1.34
115.43 16.3 1.47
115.95 16.21 1.58
116.49 16.08 1.7
117.01 15.93 1.82
117.54 15.74 1.94
118.07 15.52 2.04
118.6 15.26 2.14
119.15 14.969999999999999 2.23
119.68 14.65 2.31
120.23 14.3 2.39
120.77 13.91 2.47
121.31 13.5 2.53
121.85 13.05 2.59
122.39 12.57 2.62
122.93 12.059999999999999 2.64
123.48 11.51 2.64
124.02 10.93 2.63
124.57 10.32 2.6
125.12 9.67 2.55
125.65 9 2.47
126.19 8.6 2.37
126.72 9.3 2.24
127.24 9.96 2.09
127.76 10.59 1.9
128.26 11.18 1.7
128.75 11.75 1.47
129.23 12.280000000000001 1.21
129.69 12.780000000000001 0.91
130.14 13.25 0.59
130.56 13.690000000000001 0.25
130.97 14.09 -0.1
131.37 14.46 -0.48
131.75 14.8 -0.87
132.11 15.11 -1.29
132.44 15.38 -1.72
132.74 15.62 -2.17
133.02 15.83 -2.64
133.27 16.009999999999998 -3.12
133.5 16.15 -3.62
133.72 16.259999999999998 -4.12
133.92 16.34 -4.63
134.11 16.39 -5.14
134.29 16.4 -5.65
134.47 16.39 -6.17
134.63 16.34 -6.69
134.79 16.25 -7.22
134.94 16.14 -7.73
135.07 15.99 -8.26
135.18 15.81 -8.8
135.28 15.6 -9.34
135.38 15.35 -9.88
135.46 15.08 -10.41
135.53 14.77 -10.95
135.58 14.43 -11.49
135.62 14.05 -12.04
135.67 13.629999999999999 -12.6
135.71 13.190000000000001 -13.14
135.75 12.719999999999999 -13.69
135.79 12.21 -14.23
135.83 11.68 -14.78
135.86 11.11 -15.32
135.89 10.51 -15.86
135.93 9.870000000000001 -16.41
135.95 9.2 -16.96
135.98 8.6 -17.49
136 8.6 -18.04
136.02 8.6 -18.59
136.03 8.6 -19.13
136.04 8.6 -19.67
136.04 8.6 -20.21
136.04 8.6 -20.76
136.04 8.6 -21.32
136.04 8.6 -21.86
136.03 8.6 -22.4
136.02 8.6 -22.95
136.01 8.6 -23.5
136 8.6 -24.03
135.98 8.6 -24.58
135.97 8.6 -25.13
135.95 8.6 -25.68
135.94 8.6 -26.23
135.92 8.6 -26.77
135.91 8.6 -27.32
135.89 8.6 -27.86
135.88 8.6 -28.39
135.88 8.6 -28.94
135.88 8.6 -29.51
135.89 8.6 -30.06
135.91 8.6 -30.57
135.94 8.6 -31.11
135.97 8.6 -31.66
136.01 8.6 -32.22
136.05 8.6 -32.76
136.08 8.6 -33.3
136.12 8.6 -33.85
136.16 8.6 -34.39
136.21 8.6 -34.94
136.25 8.6 -35.47
136.3 8.6 -36.02
136.34 8.6 -36.57
136.39 8.6 -37.1
136.43 8.6 -37.66
136.48 8.6 -38.2
136.53 8.6 -38.74
136.57 8.6 -39.29
136.62 8.6 -39.84
136.67 8.6 -40.37
136.72 8.6 -40.91
136.77 8.6 -41.46
136.82 8.6 -42
136.87 8.6 -42.54
136.93 8.6 -43.09
136.98 8.6 -43.63
137.04 8.6 -44.17
137.09 8.6 -44.72
137.12 8.6 -45.24
137.15 8.6 -45.81
137.18 8.6 -46.36
137.21 8.6 -46.9
137.24 8.6 -47.44
137.28 8.6 -47.99
137.31 8.6 -48.53
137.34 8.6 -49.07
137.37 8.6 -49.62
137.4 8.6 -50.17
137.43 8.6 -50.71
137.46 8.6 -51.26
137.49 8.6 -51.8
137.52 8.6 -52.34
137.55 8.6 -52.89
137.58 8.6 -53.44
137.6 8.6 -53.97
137.61 8.6 -54.51
137.6 8.6 -55.05
137.58 8.6 -55.61
137.57 8.6 -56.15
137.56 8.6 -56.7
137.54 8.6 -57.25
137.53 8.6 -57.8
137.52 8.6 -58.34
137.5 8.6 -58.88
137.49 8.6 -59.43
137.47 8.6 -59.98
137.46 8.6 -60.52
137.45 8.6 -61.07
137.44 8.6 -61.6
137.43 8.6 -62.15
137.42 8.6 -62.7
137.42 8.6 -63.24
137.41 8.6 -63.79
137.4 8.6 -64.34
137.4 8.6 -64.89
137.4 9.29 -65.43
137.38 9.93 -65.96
137.33 10.57 -66.51
137.22 11.17 -67.04
137.01 11.73 -67.54
136.68 12.26 -67.96
136.24 12.76 -68.29
135.73 13.23 -68.49
135.2 13.67 -68.57
134.65 14.08 -68.56
134.11 14.45 -68.47
133.58 14.79 -68.3
132.47 15.47 -67.34
132.09 15.69 -66.97
131.74 15.87 -66.57
131.4 16.03 -66.13
131.1 16.15 -65.68
130.81 16.240000000000002 -65.22
130.56 16.3 -64.74
130.32 16.33 -64.24
130.12 16.32 -63.73
129.93 16.28 -63.22
129.76 16.21 -62.7
129.6 16.11 -62.16
129.46 15.97 -61.65
129.33 15.81 -61.12
129.22 15.61 -60.59
129.12 15.38 -60.06
129.03 15.11 -59.52
128.94 14.8 -58.96
128.86 14.469999999999999 -58.43
128.77 14.1 -57.88
128.68 13.719999999999999 -57.35
128.59 13.29 -56.82
128.48 12.84 -56.29
128.35 12.35 -55.77
128.18 11.83 -55.25
127.95 11.27 -54.75
127.69 10.68 -54.27
127.37 10.06 -53.83
127 9.4 -53.42
126.59 8.72 -53.06
126.14 8.6 -52.76
125.65 8.6 -52.53
125.13 8.6 -52.38
124.59 8.6 -52.3
124.04 8.6 -52.3
123.5 8.6 -52.34
122.96 8.6 -52.43
122.43 8.6 -52.57
121.92 8.6 -52.77
121.44 8.6 -53.03
120.99 8.6 -53.34
120.56 8.6 -53.67
120.15 8.6 -54.03
119.76 8.6 -54.41
119.38 8.6 -54.81
119.01 8.6 -55.21
118.63 8.6 -55.63
118.28 8.6 -56.02
117.9 8.6 -56.43
117.53 8.6 -56.83
117.16 8.6 -57.23
116.79 8.6 -57.64
116.43 8.6 -58.03
116.06 8.6 -58.44
115.71 8.6 -58.85
115.36 8.6 -59.26
115.02 8.6 -59.69
114.69 8.6 -60.12
114.36 8.6 -60.55
114.03 8.6 -60.99
113.7 8.6 -61.43
113.37 8.6 -61.88
113.05 8.6 -62.32
112.72 8.6 -62.76
112.4 8.6 -63.19
112.07 8.6 -63.64
111.75 8.6 -64.07
111.42 8.6 -64.52
111.1 8.6 -64.95
110.78 8.6 -65.39
110.45 8.6 -65.83
110.12 8.6 -66.27
109.8 8.6 -66.7
109.48 8.6 -67.14
109.15 8.6 -67.58
108.83 8.6 -68.01
108.5 8.6 -68.44
108.17 8.6 -68.88
107.83 8.6 -69.31
107.5 8.6 -69.73
107.16 8.6 -70.16
106.82 8.6 -70.58
106.46 8.6 -71.01
106.11 8.6 -71.43
105.77 8.6 -71.85
105.41 8.6 -72.26
105.05 8.6 -72.66
104.69 8.6 -73.07
104.32 8.6 -73.47
103.95 8.6 -73.86
103.57 8.6 -74.25
103.18 8.6 -74.64
102.79 8.6 -75.01
102.38 8.6 -75.38
101.96 8.6 -75.72
101.48 8.6 -76.07
100.91 8.6 -76.44
100.45 8.6 -76.73
99.97 8.6 -77
99.49 8.6 -77.26
99.01 8.6 -77.51
98.45 8.6 -77.79
97.83 8.6 -78.08
97.35 8.6 -78.29
96.86 8.6 -78.5
96.36 8.6 -78.72
95.85 8.6 -78.94
95.34 8.6 -79.15
94.84 8.6 -79.36
94.34 8.6 -79.57
93.84 8.6 -79.77
93.31 8.6 -79.97
92.8 8.6 -80.15
92.3 8.6 -80.31
91.77 8.6 -80.46
91.25 8.6 -80.58
90.71 8.6 -80.68
90.17 8.6 -80.77
89.63 8.6 -80.84
89.09 8.6 -80.9
88.53 8.6 -80.97
87.99 8.6 -81.03
87.44 8.6 -81.1
86.9 8.6 -81.17
86.36 8.6 -81.23
85.81 8.6 -81.3
85.28 8.6 -81.36
84.74 8.6 -81.43
84.2 8.6 -81.49
83.66 8.6 -81.56
83.11 8.6 -81.63
82.57 8.6 -81.69
82.03 8.6 -81.76
81.49 8.6 -81.82
80.95 8.6 -81.88
80.41 8.6 -81.94
79.86 8.6 -82
79.32 8.6 -82.05
78.78 8.6 -82.11
78.2 8.6 -82.16
77.52 8.6 -82.21
76.98 8.6 -82.24
76.42 8.6 -82.27
75.88 8.6 -82.31
75.33 8.6 -82.34
74.78 8.6 -82.37
74.24 8.6 -82.4
73.7 8.6 -82.42
73.16 8.6 -82.45
72.61 8.6 -82.48
72.06 8.6 -82.5
71.52 8.6 -82.53
70.97 8.6 -82.55
70.42 8.6 -82.57
69.88 8.6 -82.6
69.33 8.6 -82.62
68.78 8.6 -82.64
68.24 8.6 -82.67
67.7 8.6 -82.69
67.17 8.6 -82.71
66.62 8.6 -82.73
66.07 8.6 -82.75
65.52 8.6 -82.77
64.98 8.6 -82.78
64.44 8.6 -82.8
63.88 8.6 -82.82
63.34 8.6 -82.83
62.79 8.6 -82.85
62.25 8.6 -82.86
61.71 8.6 -82.87
61.16 8.6 -82.88
60.61 8.6 -82.89
60.07 8.6 -82.9
59.52 8.6 -82.91
58.97 8.6 -82.92
58.43 8.6 -82.93
57.89 8.6 -82.94
57.34 8.6 -82.95
56.79 8.6 -82.97
56.25 8.6 -82.98
55.7 8.6 -82.99
55.16 8.6 -83
54.61 8.6 -83.01
54.06 8.6 -83.02
53.52 8.6 -83.03
52.98 8.6 -83.04
52.43 8.6 -83.05
51.88 8.6 -83.06
51.33 8.6 -83.07
50.79 8.6 -83.08
50.25 8.6 -83.09
49.7 8.6 -83.1
49.15 8.6 -83.11
48.62 8.6 -83.12
48.07 8.6 -83.13
47.52 8.6 -83.14
46.97 8.6 -83.15
46.43 8.6 -83.16
45.89 8.6 -83.17
45.34 8.6 -83.18
44.79 9.31 -83.19
44.25 9.96 -83.2
43.71 10.59 -83.21
43.16 11.190000000000001 -83.22
42.62 11.75 -83.23
42.07 12.280000000000001 -83.24
41.53 12.780000000000001 -83.25
40.98 13.26 -83.26
40.45 13.68 -83.27
39.89 14.09 -83.28
39.34 14.46 -83.29
38.8 14.8 -83.3
38.25 15.11 -83.31
37.71 15.38 -83.32
37.17 15.62 -83.33
36.63 15.83 -83.34
36.08 16 -83.35
35.54 16.15 -83.36
34.99 16.259999999999998 -83.37
34.44 16.34 -83.38
33.9 16.39 -83.39
33.34 16.4 -83.4
32.8 16.39 -83.4
32.25 16.33 -83.41
31.71 16.25 -83.41
31.17 16.14 -83.42
30.61 15.99 -83.42
30.07 15.81 -83.43
29.53 15.6 -83.43
28.98 15.35 -83.44
28.44 15.08 -83.44
27.89 14.77 -83.45
27.34 14.42 -83.45
26.8 14.05 -83.46
26.25 13.64 -83.46
25.71 13.21 -83.47
25.15 12.719999999999999 -83.47
24.61 12.219999999999999 -83.48
24.07 11.690000000000001 -83.49
23.52 11.120000000000001 -83.49
22.98 10.52 -83.5
22.44 9.89 -83.5
21.89 9.22 -83.51
21.34 8.6 -83.51
20.79 8.6 -83.52
20.25 8.6 -83.52
19.71 8.6 -83.53
19.16 8.6 -83.53
18.62 8.6 -83.54
18.08 8.6 -83.54
17.54 8.6 -83.53
17 8.6 -83.52
16.45 8.6 -83.5
15.91 8.6 -83.47
15.34 8.6 -83.44
14.82 8.6 -83.4
14.27 8.6 -83.36
13.74 8.6 -83.31
13.19 8.6 -83.25
12.64 8.6 -83.19
12.09 8.6 -83.13
11.54 8.6 -83.07
11.01 8.6 -83.01
10.46 8.6 -82.95
9.92 8.6 -82.89
9.38 8.6 -82.83
8.83 8.6 -82.77
8.3 8.6 -82.71
7.77 8.6 -82.64
7.23 8.6 -82.57
6.69 8.6 -82.49
6.16 8.6 -82.4
5.62 8.6 -82.28
5.1 8.6 -82.14
4.57 8.6 -81.97
4.06 8.6 -81.78
3.56 8.6 -81.58
3.06 8.6 -81.34
2.58 8.6 -81.09
2.11 8.6 -80.81
1.65 8.6 -80.51
1.21 8.6 -80.2
0.78 8.6 -79.87
0.35 8.6 -79.53
-0.06 8.6 -79.17
-0.46 8.6 -78.8
-0.85 8.6 -78.42
-1.22 8.6 -78.02
-1.56 8.6 -77.59
-1.88 8.6 -77.15
-2.17 8.6 -76.69
-2.43 8.6 -76.21
-2.65 8.6 -75.71
-2.8 8.6 -75.19
-2.87 8.6 -74.65
-2.88 8.6 -74.1
-2.81 8.6 -73.56
-2.68 8.6 -73.03
-2.51 8.6 -72.51
-2.3 8.6 -72.01
-2.06 8.6 -71.52
-1.79 8.6 -71.05
-1.47 8.6 -70.58
-1.15 8.6 -70.17
-0.79 8.6 -69.76
-0.41 8.6 -69.37
0 8.6 -69
0.41 8.6 -68.65
0.85 8.6 -68.32
1.3 8.6 -68
1.75 8.6 -67.7
2.22 8.6 -67.42
2.69 8.6 -67.15
3.18 8.6 -66.9
3.66 8.6 -66.66
4.16 8.6 -66.42
4.65 8.6 -66.2
5.16 8.6 -65.98
5.66 8.6 -65.78
6.17 8.6 -65.58
6.68 8.6 -65.4
7.2 8.6 -65.22
7.72 8.6 -65.04
8.24 8.6 -64.88
8.76 8.6 -64.71
9.28 8.6 -64.55
9.8 8.6 -64.39
10.32 8.6 -64.22
10.83 8.6 -64.02
11.32 8.6 -63.81
11.82 8.6 -63.57
12.3 8.6 -63.31
12.77 8.6 -63.04
13.23 8.6 -62.75
13.69 8.6 -62.45
14.14 8.6 -62.14
14.57 8.6 -61.81
14.99 8.6 -61.46
15.38 8.6 -61.08
15.75 8.6 -60.68
16.07 8.6 -60.24
16.34 8.6 -59.77
16.54 8.6 -59.26
16.64 8.6 -58.72
16.65 8.6 -58.17
16.55 8.6 -57.64
16.35 8.6 -57.14
16.05 8.6 -56.68
15.69 8.6 -56.27
15.25 8.6 -55.94
14.77 8.6 -55.67
14.28 8.6 -55.45
13.77 8.6 -55.27
13.24 8.6 -55.13
12.71 8.6 -55.01
12.17 8.6 -54.92
11.62 8.6 -54.87
11.08 8.6 -54.83
10.53 8.6 -54.79
9.97 8.6 -54.75
9.42 8.6 -54.72
8.9 8.6 -54.67
8.37 8.6 -54.58
7.83 8.6 -54.46
7.31 8.6 -54.31
6.79 8.6 -54.15
6.26 8.6 -53.98
5.73 8.6 -53.81
5.21 8.6 -53.64
4.69 8.6 -53.47
4.17 8.6 -53.3
3.65 8.6 -53.13
3.14 8.6 -52.97
2.62 8.6 -52.8
2.1 8.6 -52.63
1.59 8.6 -52.45
1.09 8.6 -52.27
0.59 8.6 -52.06
0.1 8.6 -51.83
-0.39 8.6 -51.57
-0.84 8.6 -51.27
-1.26 8.6 -50.93
-1.66 8.6 -50.55
-2.04 8.6 -50.14
-2.39 8.6 -49.74
-2.73 8.6 -49.31
-3.05 8.6 -48.87
-3.36 8.6 -48.42
-3.64 8.6 -47.95
-3.9 8.6 -47.47
-4.14 8.6 -46.98
-4.35 8.6 -46.48
-4.53 8.6 -45.96
-4.69 8.6 -45.44
-4.82 8.6 -44.91
-4.92 8.6 -44.38
-5 8.6 -43.84
-5.04 8.6 -43.29
-5.06 8.6 -42.75
-5.06 8.6 -42.2
-5.02 8.6 -41.66
-4.95 8.6 -41.12
-4.84 8.6 -40.58
-4.72 8.6 -40.05
-4.57 8.6 -39.53
-4.42 8.6 -39
-4.25 8.6 -38.49
-4.07 8.6 -37.97
-3.87 8.6 -37.46
-3.64 8.6 -36.97
-3.39 8.6 -36.48
-3.13 8.6 -36
-2.85 8.6 -35.54
-2.56 8.6 -35.07
-2.25 8.6 -34.62
-1.94 8.6 -34.18
-1.6 8.6 -33.74
-1.26 8.6 -33.33
-0.89 8.6 -32.92
-0.5 8.6 -32.53
-0.1 8.6 -32.17
0.31 8.6 -31.82
0.74 8.6 -31.48
1.19 8.6 -31.15
1.63 8.6 -30.85
2.1 8.6 -30.56
2.57 8.6 -30.29
3.05 8.6 -30.03
3.53 8.6 -29.77
4.02 8.6 -29.53
4.52 8.6 -29.29
5 8.6 -29.06
5.5 8.6 -28.84
6.01 8.6 -28.62
6.5 8.6 -28.41
7.02 8.6 -28.21
7.53 8.6 -28.01
8.04 8.6 -27.82
8.55 8.6 -27.64
9.06 8.6 -27.46
9.58 8.6 -27.28
10.1 8.6 -27.12
10.62 8.6 -26.96
11.16 8.6 -26.79
11.68 8.6 -26.64
12.2 8.6 -26.48
12.72 8.6 -26.34
13.24 8.6 -26.21
13.78 8.6 -26.08
14.31 8.6 -25.97
14.84 8.6 -25.86
15.38 8.6 -25.77
15.92 8.6 -25.68
16.46 8.6 -25.61
17 8.6 -25.55
17.54 8.6 -25.5
18.09 8.6 -25.46
18.63 8.6 -25.44
19.18 8.6 -25.42
19.72 8.6 -25.41
20.28 8.6 -25.39
20.82 8.6 -25.39
21.4 8.6 -25.39
21.9 8.6 -25.39
22.45 8.6 -25.4
23.02 8.6 -25.4
23.56 8.6 -25.41
24.1 8.6 -25.43
24.64 8.6 -25.44
25.19 8.6 -25.46
25.73 8.6 -25.48
26.27 8.6 -25.51
26.82 8.6 -25.55
27.36 8.6 -25.59
27.91 8.6 -25.63
28.45 8.6 -25.68
29 8.6 -25.73
29.53 8.6 -25.78
30.09 8.6 -25.84
30.62 8.6 -25.9
31.18 8.6 -25.96
31.72 8.6 -26.02
32.26 8.6 -26.08
32.8 8.6 -26.14
33.33 8.6 -26.2
33.88 8.6 -26.27
34.42 8.6 -26.33
34.95 8.6 -26.39
35.49 8.6 -26.47
36.03 8.6 -26.54
36.58 8.6 -26.62
37.11 8.6 -26.71
37.66 8.6 -26.8
38.19 8.6 -26.88
38.74 8.6 -26.97
39.28 8.6 -27.07
39.81 8.6 -27.16
40.35 8.6 -27.25
40.89 8.6 -27.34
41.42 8.6 -27.44
41.96 8.6 -27.53
42.5 8.6 -27.62
43.03 8.6 -27.72
43.57 8.6 -27.81
44.11 8.6 -27.91
44.64 8.6 -28
45.19 8.6 -28.09
45.72 8.6 -28.19
46.26 8.6 -28.28
46.8 8.6 -28.37
47.33 8.6 -28.47
47.87 8.6 -28.56
48.41 8.6 -28.66
48.95 8.6 -28.75
49.49 8.6 -28.84
50.02 8.6 -28.94
50.56 8.6 -29.03
51.1 8.6 -29.13
51.63 8.6 -29.22
52.17 8.6 -29.31
52.71 8.6 -29.41
53.24 8.6 -29.5
53.78 8.6 -29.59
54.32 8.6 -29.69
54.86 8.6 -29.78
55.4 8.6 -29.88
55.94 8.6 -29.97
56.47 8.6 -30.06
57 8.6 -30.16
57.45 8.6 -30.8
57.89 8.6 -31.42
58.34 8.6 -32.05
58.78 8.6 -32.69
59.22 8.6 -33.32
59.66 8.6 -33.95
60.11 8.6 -34.58
60.55 8.6 -35.2
61.01 8.6 -35.8
61.5 8.6 -36.4
62.03 8.6 -36.96
62.62 8.6 -37.53
63.18 8.6 -37.99
63.8 8.6 -38.45
64.45 8.6 -38.87
64.97 8.6 -38.73
65.5 8.6 -38.57
66.02 8.6 -38.4
66.55 8.6 -38.23
67.06 8.6 -38.05
67.58 8.6 -37.88
68.1 8.6 -37.71
68.61 8.6 -37.54
69.14 8.6 -37.36
69.65 8.6 -37.19
70.16 8.6 -37.02
70.68 8.6 -36.84
71.18 8.6 -36.65
71.89 8.6 -36.97
72.59 8.6 -37.27
73.31 8.6 -37.56
74.03 8.6 -37.84
74.77 8.6 -38.1
75.49 8.6 -38.33
75.97 8.6 -38.07
76.43 8.6 -37.79
76.89 8.6 -37.48
77.34 8.6 -37.17
77.77 8.6 -36.85
78.2 8.6 -36.51
78.63 8.6 -36.17
79.03 8.6 -35.81
79.43 8.6 -35.43
79.81 8.6 -35.04
80.19 8.6 -34.65
80.59 8.6 -34.24
80.96 8.6 -33.86
81.34 8.6 -33.47
81.72 8.6 -33.07
82.09 8.6 -32.68
82.47 8.6 -32.28
82.84 8.6 -31.88
83.22 8.6 -31.48
83.59 8.6 -31.08
83.96 8.6 -30.68
84.33 8.6 -30.28
84.7 8.6 -29.88
85.07 8.6 -29.48
85.42 8.6 -29.08
85.77 8.6 -28.66
86.11 8.6 -28.24
86.44 8.6 -27.8
86.76 8.6 -27.36
87.08 8.6 -26.91
87.39 8.6 -26.47
87.7 8.6 -26.02
88 8.6 -25.56
88.28 8.6 -25.1
88.54 8.6 -24.62
88.77 8.6 -24.13
89 8.6 -23.63
89.23 8.6 -23.12
89.46 8.6 -22.63
89.69 8.6 -22.12
89.91 8.6 -21.63
90.13 8.6 -21.14
90.36 8.6 -20.64
90.59 8.6 -20.14
90.81 8.6 -19.64
91.04 8.6 -19.14
91.27 8.6 -18.64
91.49 8.6 -18.15
91.71 8.6 -17.66
91.94 8.6 -17.16
92.17 8.6 -16.66
92.39 8.6 -16.16
92.62 8.6 -15.67
92.84 8.6 -15.18
93.07 8.6 -14.68
93.29 8.6 -14.18
93.52 8.6 -13.68
93.75 8.6 -13.19
93.97 8.6 -12.69
94.2 8.6 -12.19
94.42 8.6 -11.7
94.65 8.6 -11.2
94.88 8.6 -10.7
95.1 8.6 -10.21
95.33 8.6 -9.71
95.55 8.6 -9.21
95.78 8.6 -8.72
96 8.6 -8.22
95.73 8.6 -7.5
95.46 8.6 -6.78
95.19 8.6 -6.06
94.92 8.6 -5.33
95.14 8.6 -4.83
95.37 8.6 -4.34
95.59 8.6 -3.84
95.82 8.6 -3.33
96.05 8.6 -2.84
96.27 8.6 -2.36
96.49 8.6 -1.86
96.72 8.6 -1.36
96.72 8.6 -1.36
96.72 8.6 -1.36
96.72 8.6 -1.36
95.49 8.6 -2.77
95.49 8.6 -2.77
95.49 8.6 -2.77
95.49 8.6 -2.77
95.49 8.6 -2.77
95.49 8.6 -2.77
95.49 8.6 -2.77
95.49 8.6 -2.77
95.49 8.6 -2.77
95.49 8.6 -2.77
95.49 8.6 -2.77
96.04 8.6 -2.68
96.58 8.6 -2.59
97.13 8.6 -2.5
97.65 8.6 -2.41
98.19 8.6 -2.32
98.71 8.6 -2.22
99.26 8.6 -2.11
99.8 8.6 -2
100.33 8.6 -1.9
100.86 8.6 -1.79
101.41 8.6 -1.68
101.93 8.6 -1.57
102.46 8.6 -1.45
103 9.3 -1.34
103.53 9.97 -1.22
104.11 10.64 -1.09
104.77 11.370000000000001 -0.94
105.3 11.92 -0.82
105.83 12.45 -0.7
106.36 12.940000000000001 -0.58
106.89 13.39 -0.46
107.43 13.82 -0.34
107.96 14.21 -0.22
108.49 14.57 -0.1
109.02 14.9 0.02
109.55 15.19 0.14
110.09 15.46 0.26
110.62 15.69 0.38
111.15 15.88 0.5
111.68 16.05 0.62
112.21 16.18 0.74
112.76 16.29 0.86
113.3 16.36 0.98
113.82 16.39 1.1
114.36 16.39 1.22
114.89 16.36 1.34
115.43 16.3 1.47
115.95 16.21 1.58
116.49 16.08 1.7
117.01 15.93 1.82
117.54 15.74 1.94
118.07 15.52 2.04
118.6 15.26 2.14
119.15 14.969999999999999 2.23
119.68 14.65 2.31
120.23 14.3 2.39
120.77 13.91 2.47
121.31 13.5 2.53
121.85 13.05 2.59
122.39 12.57 2.62
122.93 12.059999999999999 2.64
123.48 11.51 2.64
124.02 10.93 2.63
124.57 10.32 2.6
125.12 9.67 2.55
125.65 9 2.47
126.19 8.6 2.37
126.72 9.3 2.24
127.24 9.96 2.09
127.76 10.59 1.9
128.26 11.18 1.7
128.75 11.75 1.47
129.23 12.280000000000001 1.21
129.69 12.780000000000001 0.91
130.14 13.25 0.59
130.56 13.690000000000001 0.25
130.97 14.09 -0.1
131.37 14.46 -0.48
131.75 14.8 -0.87
132.11 15.11 -1.29
132.44 15.38 -1.72
132.74 15.62 -2.17
133.02 15.83 -2.64
133.27 16.009999999999998 -3.12
133.5 16.15 -3.62
133.72 16.259999999999998 -4.12
133.92 16.34 -4.63
134.11 16.39 -5.14
134.29 16.4 -5.65
134.47 16.39 -6.17
134.63 16.34 -6.69
134.79 16.25 -7.22
134.94 16.14 -7.73
135.07 15.99 -8.26
135.18 15.81 -8.8
135.28 15.6 -9.34
135.38 15.35 -9.88
135.46 15.08 -10.41
135.53 14.77 -10.95
135.58 14.43 -11.49
135.62 14.05 -12.04
135.67 13.629999999999999 -12.6
135.71 13.190000000000001 -13.14
135.75 12.719999999999999 -13.69
135.79 12.21 -14.23
135.83 11.68 -14.78
135.86 11.11 -15.32
135.89 10.51 -15.86
135.93 9.870000000000001 -16.41
135.95 9.2 -16.96
135.98 8.6 -17.49
136 8.6 -18.04
136.02 8.6 -18.59
136.03 8.6 -19.13
136.04 8.6 -19.67
136.04 8.6 -20.21
136.04 8.6 -20.76
136.04 8.6 -21.32
136.04 8.6 -21.86
136.03 8.6 -22.4
136.02 8.6 -22.95
136.01 8.6 -23.5
136 8.6 -24.03
135.98 8.6 -24.58
135.97 8.6 -25.13
135.95 8.6 -25.68
135.94 8.6 -26.23
135.92 8.6 -26.77
135.91 8.6 -27.32
135.89 8.6 -27.86
135.88 8.6 -28.39
135.88 8.6 -28.94
135.88 8.6 -29.51
135.89 8.6 -30.06
135.91 8.6 -30.57
135.94 8.6 -31.11
135.97 8.6 -31.66
136.01 8.6 -32.22
136.05 8.6 -32.76
136.08 8.6 -33.3
136.12 8.6 -33.85
136.16 8.6 -34.39
136.21 8.6 -34.94
136.25 8.6 -35.47
136.3 8.6 -36.02
136.34 8.6 -36.57
136.39 8.6 -37.1
136.43 8.6 -37.66
136.48 8.6 -38.2
136.53 8.6 -38.74
136.57 8.6 -39.29
136.62 8.6 -39.84
136.67 8.6 -40.37
136.72 8.6 -40.91
136.77 8.6 -41.46
136.82 8.6 -42
136.87 8.6 -42.54
136.93 8.6 -43.09
136.98 8.6 -43.63
137.04 8.6 -44.17
137.09 8.6 -44.72
137.12 8.6 -45.24
137.15 8.6 -45.81
137.18 8.6 -46.36
137.21 8.6 -46.9
137.24 8.6 -47.44
137.28 8.6 -47.99
137.31 8.6 -48.53
137.34 8.6 -49.07
137.37 8.6 -49.62
137.4 8.6 -50.17
137.43 8.6 -50.71
137.46 8.6 -51.26
137.49 8.6 -51.8
137.52 8.6 -52.34
137.55 8.6 -52.89
137.58 8.6 -53.44
137.6 8.6 -53.97
137.61 8.6 -54.51
137.6 8.6 -55.05
137.58 8.6 -55.61
137.57 8.6 -56.15
137.56 8.6 -56.7
137.54 8.6 -57.25
137.53 8.6 -57.8
137.52 8.6 -58.34
137.5 8.6 -58.88
137.49 8.6 -59.43
137.47 8.6 -59.98
137.46 8.6 -60.52
137.45 8.6 -61.07
137.44 8.6 -61.6
137.43 8.6 -62.15
137.42 8.6 -62.7
137.42 8.6 -63.24
137.41 8.6 -63.79
137.4 8.6 -64.34
137.4 8.6 -64.89
137.4 9.29 -65.43
137.38 9.93 -65.96
137.33 10.57 -66.51
137.22 11.17 -67.04
137.01 11.73 -67.54
136.68 12.26 -67.96
136.24 12.76 -68.29
135.73 13.23 -68.49
135.2 13.67 -68.57
134.65 14.08 -68.56
134.11 14.45 -68.47
133.58 14.79 -68.3
132.47 15.47 -67.34
132.09 15.69 -66.97
131.74 15.87 -66.57
131.4 16.03 -66.13
131.1 16.15 -65.68
130.81 16.240000000000002 -65.22
130.56 16.3 -64.74
130.32 16.33 -64.24
130.12 16.32 -63.73
129.93 16.28 -63.22
129.76 16.21 -62.7
129.6 16.11 -62.16
129.46 15.97 -61.65
129.33 15.81 -61.12
129.22 15.61 -60.59
129.12 15.38 -60.06
129.03 15.11 -59.52
128.94 14.8 -58.96
128.86 14.469999999999999 -58.43
128.77 14.1 -57.88
128.68 13.719999999999999 -57.35
128.59 13.29 -56.82
128.48 12.84 -56.29
128.35 12.35 -55.77
128.18 11.83 -55.25
127.95 11.27 -54.75
127.69 10.68 -54.27
127.37 10.06 -53.83
127 9.4 -53.42
126.59 8.72 -53.06
126.14 8.6 -52.76
125.65 8.6 -52.53
125.13 8.6 -52.38
124.59 8.6 -52.3
124.04 8.6 -52.3
123.5 8.6 -52.34
122.96 8.6 -52.43
122.43 8.6 -52.57
121.92 8.6 -52.77
121.44 8.6 -53.03
120.99 8.6 -53.34
120.56 8.6 -53.67
120.15 8.6 -54.03
119.76 8.6 -54.41
119.38 8.6 -54.81
119.01 8.6 -55.21
118.63 8.6 -55.63
118.28 8.6 -56.02
117.9 8.6 -56.43
117.53 8.6 -56.83
117.16 8.6 -57.23
116.79 8.6 -57.64
116.43 8.6 -58.03
116.06 8.6 -58.44
115.71 8.6 -58.85
115.36 8.6 -59.26
115.02 8.6 -59.69
114.69 8.6 -60.12
114.36 8.6 -60.55
114.03 8.6 -60.99
113.7 8.6 -61.43
113.37 8.6 -61.88
113.05 8.6 -62.32
112.72 8.6 -62.76
112.4 8.6 -63.19
112.07 8.6 -63.64
111.75 8.6 -64.07
111.42 8.6 -64.52
111.1 8.6 -64.95
110.78 8.6 -65.39
110.45 8.6 -65.83
110.12 8.6 -66.27
109.8 8.6 -66.7
109.48 8.6 -67.14
109.15 8.6 -67.58
108.83 8.6 -68.01
108.5 8.6 -68.44
108.17 8.6 -68.88
107.83 8.6 -69.31
107.5 8.6 -69.73
107.16 8.6 -70.16
106.82 8.6 -70.58
106.46 8.6 -71.01
106.11 8.6 -71.43
105.77 8.6 -71.85
105.41 8.6 -72.26
105.05 8.6 -72.66
104.69 8.6 -73.07
104.32 8.6 -73.47
103.95 8.6 -73.86
103.57 8.6 -74.25
103.18 8.6 -74.64
102.79 8.6 -75.01
102.38 8.6 -75.38
101.96 8.6 -75.72
101.48 8.6 -76.07
100.91 8.6 -76.44
100.45 8.6 -76.73
99.97 8.6 -77
99.49 8.6 -77.26
99.01 8.6 -77.51
98.45 8.6 -77.79
97.83 8.6 -78.08
97.35 8.6 -78.29
96.86 8.6 -78.5
96.36 8.6 -78.72
95.85 8.6 -78.94
95.34 8.6 -79.15
94.84 8.6 -79.36
94.34 8.6 -79.57
93.84 8.6 -79.77
93.31 8.6 -79.97
92.8 8.6 -80.15
92.3 8.6 -80.31
91.77 8.6 -80.46
91.25 8.6 -80.58
90.71 8.6 -80.68
90.17 8.6 -80.77
89.63 8.6 -80.84
89.09 8.6 -80.9
88.53 8.6 -80.97
87.99 8.6 -81.03
87.44 8.6 -81.1
86.9 8.6 -81.17
86.36 8.6 -81.23
85.81 8.6 -81.3
85.28 8.6 -81.36
84.74 8.6 -81.43
84.2 8.6 -81.49
83.66 8.6 -81.56
83.11 8.6 -81.63
82.57 8.6 -81.69
82.03 8.6 -81.76
81.49 8.6 -81.82
80.95 8.6 -81.88
80.41 8.6 -81.94
79.86 8.6 -82
79.32 8.6 -82.05
78.78 8.6 -82.11
78.2 8.6 -82.16
77.52 8.6 -82.21
76.98 8.6 -82.24
76.42 8.6 -82.27
75.88 8.6 -82.31
75.33 8.6 -82.34
74.78 8.6 -82.37
74.24 8.6 -82.4
73.7 8.6 -82.42
73.16 8.6 -82.45
72.61 8.6 -82.48
72.06 8.6 -82.5
71.52 8.6 -82.53
70.97 8.6 -82.55
70.42 8.6 -82.57
69.88 8.6 -82.6
69.33 8.6 -82.62
68.78 8.6 -82.64
68.24 8.6 -82.67
67.7 8.6 -82.69
67.17 8.6 -82.71
66.62 8.6 -82.73
66.07 8.6 -82.75
65.52 8.6 -82.77
64.98 8.6 -82.78
64.44 8.6 -82.8
63.88 8.6 -82.82
63.34 8.6 -82.83
62.79 8.6 -82.85
62.25 8.6 -82.86
61.71 8.6 -82.87
61.16 8.6 -82.88
60.61 8.6 -82.89
60.07 8.6 -82.9
59.52 8.6 -82.91
58.97 8.6 -82.92
58.43 8.6 -82.93
57.89 8.6 -82.94
57.34 8.6 -82.95
56.79 8.6 -82.97
56.25 8.6 -82.98
55.7 8.6 -82.99
55.16 8.6 -83
54.61 8.6 -83.01
54.06 8.6 -83.02
53.52 8.6 -83.03
52.98 8.6 -83.04
52.43 8.6 -83.05
51.88 8.6 -83.06
51.33 8.6 -83.07
50.79 8.6 -83.08
50.25 8.6 -83.09
49.7 8.6 -83.1
49.15 8.6 -83.11
48.62 8.6 -83.12
48.07 8.6 -83.13
47.52 8.6 -83.14
46.97 8.6 -83.15
46.43 8.6 -83.16
45.89 8.6 -83.17
45.34 8.6 -83.18
44.79 9.31 -83.19
44.25 9.96 -83.2
43.71 10.59 -83.21
43.16 11.190000000000001 -83.22
42.62 11.75 -83.23
42.07 12.280000000000001 -83.24
41.53 12.780000000000001 -83.25
40.98 13.26 -83.26
40.45 13.68 -83.27
39.89 14.09 -83.28
39.34 14.46 -83.29
38.8 14.8 -83.3
38.25 15.11 -83.31
37.71 15.38 -83.32
37.17 15.62 -83.33
36.63 15.83 -83.34
36.08 16 -83.35
35.54 16.15 -83.36
34.99 16.259999999999998 -83.37
34.44 16.34 -83.38
33.9 16.39 -83.39
33.34 16.4 -83.4
32.8 16.39 -83.4
32.25 16.33 -83.41
31.71 16.25 -83.41
31.17 16.14 -83.42
30.61 15.99 -83.42
30.07 15.81 -83.43
29.53 15.6 -83.43
28.98 15.35 -83.44
28.44 15.08 -83.44
27.89 14.77 -83.45
27.34 14.42 -83.45
26.8 14.05 -83.46
26.25 13.64 -83.46
25.71 13.21 -83.47
25.15 12.719999999999999 -83.47
24.61 12.219999999999999 -83.48
24.07 11.690000000000001 -83.49
23.52 11.120000000000001 -83.49
22.98 10.52 -83.5
22.44 9.89 -83.5
21.89 9.22 -83.51
21.34 8.6 -83.51
20.79 8.6 -83.52
20.25 8.6 -83.52
19.71 8.6 -83.53
19.16 8.6 -83.53
18.62 8.6 -83.54
18.08 8.6 -83.54
17.54 8.6 -83.53
17 8.6 -83.52
16.45 8.6 -83.5
15.91 8.6 -83.47
15.34 8.6 -83.44
14.82 8.6 -83.4
14.27 8.6 -83.36
13.74 8.6 -83.31
13.19 8.6 -83.25
12.64 8.6 -83.19
12.09 8.6 -83.13
11.54 8.6 -83.07
11.01 8.6 -83.01
10.46 8.6 -82.95
9.92 8.6 -82.89
9.38 8.6 -82.83
8.83 8.6 -82.77
8.3 8.6 -82.71
7.77 8.6 -82.64
7.23 8.6 -82.57
6.69 8.6 -82.49
6.16 8.6 -82.4
5.62 8.6 -82.28
5.1 8.6 -82.14
4.57 8.6 -81.97
4.06 8.6 -81.78
3.56 8.6 -81.58
3.06 8.6 -81.34
2.58 8.6 -81.09
2.11 8.6 -80.81
1.65 8.6 -80.51
1.21 8.6 -80.2
0.78 8.6 -79.87
0.35 8.6 -79.53
-0.06 8.6 -79.17
-0.46 8.6 -78.8
-0.85 8.6 -78.42
-1.22 8.6 -78.02
-1.56 8.6 -77.59
-1.88 8.6 -77.15
-2.17 8.6 -76.69
-2.43 8.6 -76.21
-2.65 8.6 -75.71
-2.8 8.6 -75.19
-2.87 8.6 -74.65
-2.88 8.6 -74.1
-2.81 8.6 -73.56
-2.68 8.6 -73.03
-2.51 8.6 -72.51
-2.3 8.6 -72.01
-2.06 8.6 -71.52
-1.79 8.6 -71.05
-1.47 8.6 -70.58
-1.15 8.6 -70.17
-0.79 8.6 -69.76
-0.41 8.6 -69.37
0 8.6 -69
0.41 8.6 -68.65
0.85 8.6 -68.32
1.3 8.6 -68
1.75 8.6 -67.7
2.22 8.6 -67.42
2.69 8.6 -67.15
3.18 8.6 -66.9
3.66 8.6 -66.66
4.16 8.6 -66.42
4.65 8.6 -66.2
5.16 8.6 -65.98
5.66 8.6 -65.78
6.17 8.6 -65.58
6.68 8.6 -65.4
7.2 8.6 -65.22
7.72 8.6 -65.04
8.24 8.6 -64.88
8.76 8.6 -64.71
9.28 8.6 -64.55
9.8 8.6 -64.39
10.32 8.6 -64.22
10.83 8.6 -64.02
11.32 8.6 -63.81
11.82 8.6 -63.57
12.3 8.6 -63.31
12.77 8.6 -63.04
13.23 8.6 -62.75
13.69 8.6 -62.45
14.14 8.6 -62.14
14.57 8.6 -61.81
14.99 8.6 -61.46
15.38 8.6 -61.08
15.75 8.6 -60.68
16.07 8.6 -60.24
16.34 8.6 -59.77
16.54 8.6 -59.26
16.64 8.6 -58.72
16.65 8.6 -58.17
16.55 8.6 -57.64
16.35 8.6 -57.14
16.05 8.6 -56.68
15.69 8.6 -56.27
15.25 8.6 -55.94
14.77 8.6 -55.67
14.28 8.6 -55.45
13.77 8.6 -55.27
13.24 8.6 -55.13
12.71 8.6 -55.01
12.17 8.6 -54.92
11.62 8.6 -54.87
11.08 8.6 -54.83
10.53 8.6 -54.79
9.97 8.6 -54.75
9.42 8.6 -54.72
8.9 8.6 -54.67
8.37 8.6 -54.58
7.83 8.6 -54.46
7.31 8.6 -54.31
6.79 8.6 -54.15
6.26 8.6 -53.98
5.73 8.6 -53.81
5.21 8.6 -53.64
4.69 8.6 -53.47
4.17 8.6 -53.3
3.65 8.6 -53.13
3.14 8.6 -52.97
2.62 8.6 -52.8
2.1 8.6 -52.63
1.59 8.6 -52.45
1.09 8.6 -52.27
0.59 8.6 -52.06
0.1 8.6 -51.83
-0.39 8.6 -51.57
-0.84 8.6 -51.27
-1.26 8.6 -50.93
-1.66 8.6 -50.55
-2.04 8.6 -50.14
-2.39 8.6 -49.74
-2.73 8.6 -49.31
-3.05 8.6 -48.87
-3.36 8.6 -48.42
-3.64 8.6 -47.95
-3.9 8.6 -47.47
-4.14 8.6 -46.98
-4.35 8.6 -46.48
-4.53 8.6 -45.96
-4.69 8.6 -45.44
-4.82 8.6 -44.91
-4.92 8.6 -44.38
-5 8.6 -43.84
-5.04 8.6 -43.29
-5.06 8.6 -42.75
-5.06 8.6 -42.2
-5.02 8.6 -41.66
-4.95 8.6 -41.12
-4.84 8.6 -40.58
-4.72 8.6 -40.05
-4.57 8.6 -39.53
-4.42 8.6 -39
-4.25 8.6 -38.49
-4.07 8.6 -37.97
-3.87 8.6 -37.46
-3.64 8.6 -36.97
-3.39 8.6 -36.48
-3.13 8.6 -36
-2.85 8.6 -35.54
-2.56 8.6 -35.07
-2.25 8.6 -34.62
-1.94 8.6 -34.18
-1.6 8.6 -33.74
-1.26 8.6 -33.33
-0.89 8.6 -32.92
-0.5 8.6 -32.53
-0.1 8.6 -32.17
0.31 8.6 -31.82
0.74 8.6 -31.48
1.19 8.6 -31.15
1.63 8.6 -30.85
2.1 8.6 -30.56
2.57 8.6 -30.29
3.05 8.6 -30.03
3.53 8.6 -29.77
4.02 8.6 -29.53
4.52 8.6 -29.29
5 8.6 -29.06
5.5 8.6 -28.84
6.01 8.6 -28.62
6.5 8.6 -28.41
7.02 8.6 -28.21
7.53 8.6 -28.01
8.04 8.6 -27.82
8.55 8.6 -27.64
9.06 8.6 -27.46
9.58 8.6 -27.28
10.1 8.6 -27.12
10.62 8.6 -26.96
11.16 8.6 -26.79
11.68 8.6 -26.64
12.2 8.6 -26.48
12.72 8.6 -26.34
13.24 8.6 -26.21
13.78 8.6 -26.08
14.31 8.6 -25.97
14.84 8.6 -25.86
15.38 8.6 -25.77
15.92 8.6 -25.68
16.46 8.6 -25.61
17 8.6 -25.55
17.54 8.6 -25.5
18.09 8.6 -25.46
18.63 8.6 -25.44
19.18 8.6 -25.42
19.72 8.6 -25.41
20.28 8.6 -25.39
20.82 8.6 -25.39
21.4 8.6 -25.39
21.9 8.6 -25.39
22.45 8.6 -25.4
23.02 8.6 -25.4
23.56 8.6 -25.41
24.1 8.6 -25.43
24.64 8.6 -25.44
25.19 8.6 -25.46
25.73 8.6 -25.48
26.27 8.6 -25.51
26.82 8.6 -25.55
27.36 8.6 -25.59
27.91 8.6 -25.63
28.45 8.6 -25.68
29 8.6 -25.73
29.53 8.6 -25.78
30.09 8.6 -25.84
30.62 8.6 -25.9
31.18 8.6 -25.96
31.72 8.6 -26.02
32.26 8.6 -26.08
32.8 8.6 -26.14
33.33 8.6 -26.2
33.88 8.6 -26.27
34.42 8.6 -26.33
34.95 8.6 -26.39
35.49 8.6 -26.47
36.03 8.6 -26.54
36.58 8.6 -26.62
37.11 8.6 -26.71
37.66 8.6 -26.8
38.19 8.6 -26.88
38.74 8.6 -26.97
39.28 8.6 -27.07
39.81 8.6 -27.16
40.35 8.6 -27.25
40.89 8.6 -27.34
41.42 8.6 -27.44
41.96 8.6 -27.53
42.5 8.6 -27.62
43.03 8.6 -27.72
43.57 8.6 -27.81
44.11 8.6 -27.91
44.64 8.6 -28
45.19 8.6 -28.09
45.72 8.6 -28.19
46.26 8.6 -28.28
46.8 8.6 -28.37
47.33 8.6 -28.47
47.87 8.6 -28.56
48.41 8.6 -28.66
48.95 8.6 -28.75
49.49 8.6 -28.84
50.02 8.6 -28.94
50.56 8.6 -29.03
51.1 8.6 -29.13
51.63 8.6 -29.22
52.17 8.6 -29.31
52.71 8.6 -29.41
53.24 8.6 -29.5
53.78 8.6 -29.59
54.32 8.6 -29.69
54.86 8.6 -29.78
55.4 8.6 -29.88
55.94 8.6 -29.97
56.47 8.6 -30.06
57 8.6 -30.16
57.45 8.6 -30.8
57.89 8.6 -31.42
58.34 8.6 -32.05
58.78 8.6 -32.69
59.22 8.6 -33.32
59.66 8.6 -33.95
60.11 8.6 -34.58
60.55 8.6 -35.2
61.01 8.6 -35.8
61.5 8.6 -36.4
62.03 8.6 -36.96
62.62 8.6 -37.53
63.18 8.6 -37.99
63.8 8.6 -38.45
64.45 8.6 -38.87
64.97 8.6 -38.73
65.5 8.6 -38.57
66.02 8.6 -38.4
66.55 8.6 -38.23
67.06 8.6 -38.05
67.58 8.6 -37.88
68.1 8.6 -37.71
68.61 8.6 -37.54
69.14 8.6 -37.36
69.65 8.6 -37.19
70.16 8.6 -37.02
70.68 8.6 -36.84
71.18 8.6 -36.65
71.89 8.6 -36.97
72.59 8.6 -37.27
73.31 8.6 -37.56
74.03 8.6 -37.84
74.77 8.6 -38.1
75.49 8.6 -38.33
75.97 8.6 -38.07
76.43 8.6 -37.79
76.89 8.6 -37.48
77.34 8.6 -37.17
77.77 8.6 -36.85
78.2 8.6 -36.51
78.63 8.6 -36.17
79.03 8.6 -35.81
79.43 8.6 -35.43
79.81 8.6 -35.04
80.19 8.6 -34.65
80.59 8.6 -34.24
80.96 8.6 -33.86
81.34 8.6 -33.47
81.72 8.6 -33.07
82.09 8.6 -32.68
82.47 8.6 -32.28
82.84 8.6 -31.88
83.22 8.6 -31.48
83.59 8.6 -31.08
83.96 8.6 -30.68
84.33 8.6 -30.28
84.7 8.6 -29.88
85.07 8.6 -29.48
85.42 8.6 -29.08
85.77 8.6 -28.66
86.11 8.6 -28.24
86.44 8.6 -27.8
86.76 8.6 -27.36
87.08 8.6 -26.91
87.39 8.6 -26.47
87.7 8.6 -26.02
88 8.6 -25.56
88.28 8.6 -25.1
88.54 8.6 -24.62
88.77 8.6 -24.13
89 8.6 -23.63
89.23 8.6 -23.12
89.46 8.6 -22.63
89.69 8.6 -22.12
89.91 8.6 -21.63
90.13 8.6 -21.14
90.36 8.6 -20.64
90.59 8.6 -20.14
90.81 8.6 -19.64
91.04 8.6 -19.14
91.27 8.6 -18.64
91.49 8.6 -18.15
91.71 8.6 -17.66
91.94 8.6 -17.16
92.17 8.6 -16.66
92.39 8.6 -16.16
92.62 8.6 -15.67
92.84 8.6 -15.18
93.07 8.6 -14.68
93.29 8.6 -14.18
93.52 8.6 -13.68
93.75 8.6 -13.19
93.97 8.6 -12.69
94.2 8.6 -12.19
94.42 8.6 -11.7
94.65 8.6 -11.2
94.88 8.6 -10.7
95.1 8.6 -10.21
95.33 8.6 -9.71
95.55 8.6 -9.21
95.78 8.6 -8.72
96 8.6 -8.22
95.73 8.6 -7.5
95.46 8.6 -6.78
95.19 8.6 -6.06
94.92 8.6 -5.33
95.14 8.6 -4.83
95.37 8.6 -4.34
95.59 8.6 -3.84
95.82 8.6 -3.33
96.05 8.6 -2.84
96.27 8.6 -2.36
96.49 8.6 -1.86
96.72 8.6 -1.36
96.72 8.6 -1.36
96.72 8.6 -1.36
96.72 8.6 -1.36
96.72 8.6 -1.36