82.11 8.6 -7.67
82.61 8.6 -7.59
83.11 8.6 -7.5
83.61 8.6 -7.42
84.1 8.6 -7.33
84.59 8.6 -7.25
85.1 8.6 -7.17
85.59 8.6 -7.08
86.09 8.6 -7
86.57 8.6 -6.92
87.06 8.6 -6.83
87.57 8.6 -6.75
88.04 8.6 -6.67
88.54 8.6 -6.58
89.01 8.6 -6.51
89.52 8.6 -6.42
90.02 8.6 -6.34
90.51 8.6 -6.26
91.01 8.6 -6.17
91.5 8.6 -6.09
91.99 8.6 -6.01
92.49 8.6 -5.93
92.97 8.6 -5.85
93.47 8.6 -5.76
93.96 8.6 -5.68
94.46 8.6 -5.6
94.95 8.6 -5.52
95.44 8.6 -5.44
95.93 8.6 -5.35
96.44 8.6 -5.27
96.92 8.6 -5.19
97.41 8.6 -5.11
97.9 8.6 -5.03
98.4 8.6 -4.94
98.91 8.6 -4.86
99.38 8.6 -4.78
99.89 8.6 -4.7
100.38 8.6 -4.61
100.87 8.6 -4.53
101.35 8.6 -4.45
101.85 8.6 -4.37
102.33 8.6 -4.29
102.84 8.6 -4.23
103.33 8.6 -4.19
103.83 8.6 -4.16
104.32 8.6 -4.16
104.82 8.6 -4.18
105.31 8.6 -4.22
105.83 8.6 -4.27
106.31 8.6 -4.33
106.81 8.6 -4.4
107.31 8.6 -4.47
107.81 8.6 -4.54
108.31 8.6 -4.61
108.82 8.6 -4.68
109.33 8.6 -4.75
109.79 8.6 -4.82
110.29 8.6 -4.89
110.88 8.6 -4.44
111.41 8.6 -4.05
111.97 8.6 -3.62
112.54 8.6 -3.2
113.14 8.6 -2.75
113.68 8.6 -2.35
114.26 8.6 -1.93
114.85 8.6 -1.49
115.39 8.6 -1.1
115.97 8.6 -0.68
116.54 8.6 -0.27
117.11 8.6 0.13
117.68 8.6 0.53
118.26 8.6 0.93
118.85 8.6 1.33
119.45 8.6 1.72
120.04 8.6 2.09
120.65 8.6 2.44
121.13 8.6 2.31
121.61 8.6 2.16
122.09 8.6 2.01
122.58 8.6 1.83
123.03 8.6 1.66
123.49 8.6 1.47
123.94 8.6 1.27
124.4 8.6 1.05
124.84 8.6 0.82
125.28 8.6 0.59
125.72 8.6 0.34
126.15 8.6 0.09
126.58 8.6 -0.17
127 8.6 -0.44
127.41 9.23 -0.71
127.82 9.84 -1
128.23 10.43 -1.29
128.62 10.99 -1.6
129 11.52 -1.93
129.37 12.02 -2.27
129.72 12.5 -2.62
130.06 12.95 -2.99
130.38 13.370000000000001 -3.37
130.69 13.77 -3.76
130.99 14.129999999999999 -4.16
131.28 14.48 -4.59
131.57 14.82 -5.05
131.78 15.08 -5.44
131.99 15.33 -5.89
132.18 15.56 -6.36
132.34 15.77 -6.83
132.47 15.94 -7.31
132.58 16.09 -7.8
132.65 16.22 -8.29
132.7 16.310000000000002 -8.8
132.71 16.380000000000003 -9.28
132.7 16.42 -9.79
132.66 16.43 -10.28
132.58 16.42 -10.79
132.48 16.380000000000003 -11.27
132.36 16.310000000000002 -11.76
132.22 16.22 -12.24
132.06 16.09 -12.72
131.88 15.94 -13.19
131.69 15.77 -13.64
131.47 15.56 -14.09
131.24 15.33 -14.53
130.98 15.06 -14.98
130.7 14.780000000000001 -15.4
130.41 14.46 -15.81
130.1 14.120000000000001 -16.2
129.77 13.75 -16.58
129.43 13.35 -16.94
129.05 12.91 -17.29
128.68 12.469999999999999 -17.61
128.26 11.969999999999999 -17.93
127.83 11.440000000000001 -18.22
127.44 10.96 -18.46
127 10.4 -18.68
126.54 9.81 -18.89
126.08 9.2 -19.07
125.61 8.6 -19.24
125.13 8.6 -19.4
124.65 8.6 -19.55
124.17 8.6 -19.69
123.69 8.6 -19.82
123.21 8.6 -19.95
122.73 8.6 -20.07
122.23 8.6 -20.19
121.76 8.6 -20.3
121.23 8.6 -20.43
120.75 8.6 -20.54
120.26 9.24 -20.66
119.8 9.83 -20.77
119.28 10.45 -20.89
118.81 10.99 -21
118.33 11.51 -21.11
117.84 12.02 -21.23
117.38 12.469999999999999 -21.34
116.9 12.92 -21.46
116.4 13.35 -21.59
115.91 13.76 -21.73
115.45 14.11 -21.88
114.98 14.45 -22.05
114.52 14.77 -22.24
113.86 15.05 -22.01
113.16 15.32 -21.8
112.44 15.56 -21.63
111.74 15.77 -21.54
111.08 15.93 -21.52
110.4 16.08 -21.58
109.69 16.21 -21.73
109.03 16.3 -21.93
108.36 16.380000000000003 -22.18
107.72 16.42 -22.47
107.1 16.43 -22.81
106.51 16.42 -23.21
105.98 16.39 -23.65
105.47 16.32 -24.16
105.01 16.23 -24.68
105.06 16.11 -25.19
105.14 15.96 -25.68
105.25 15.78 -26.17
105.4 15.58 -26.64
105.57 15.36 -27.1
105.77 15.1 -27.57
105.99 14.82 -28.01
106.24 14.5 -28.45
106.5 14.17 -28.86
106.8 13.8 -29.29
107.1 13.41 -29.68
107.41 13 -30.06
107.75 12.55 -30.44
108.11 12.059999999999999 -30.8
108.46 11.57 -31.14
108.85 11.02 -31.48
109.22 10.48 -31.79
109.6 9.91 -32.1
110 9.29 -32.43
110.39 8.64 -32.75
110.79 8.6 -33.07
111.17 8.6 -33.38
111.56 8.6 -33.69
111.95 8.6 -34.01
112.33 8.6 -34.32
112.72 8.6 -34.62
113.12 8.6 -34.93
113.52 8.6 -35.23
113.92 8.6 -35.52
114.33 9.24 -35.81
114.74 9.85 -36.09
115.16 10.44 -36.36
115.58 10.99 -36.62
116.01 11.52 -36.89
116.44 12.030000000000001 -37.14
116.87 12.5 -37.39
117.32 12.969999999999999 -37.65
117.75 13.379999999999999 -37.9
118.18 13.780000000000001 -38.15
118.63 14.15 -38.41
119.07 14.5 -38.67
119.49 14.8 -38.91
119.91 15.08 -39.16
120.37 15.35 -39.42
120.79 15.57 -39.66
121.22 15.78 -39.91
121.65 15.95 -40.16
122.07 16.1 -40.41
122.52 16.22 -40.67
122.96 16.32 -40.92
123.39 16.380000000000003 -41.17
123.81 16.42 -41.41
124.26 16.43 -41.67
124.69 16.42 -41.92
125.12 16.369999999999997 -42.17
125.54 16.310000000000002 -42.42
125.97 16.21 -42.66
126.4 16.09 -42.91
126.83 15.94 -43.16
127.25 15.77 -43.42
127.68 15.56 -43.68
128.1 15.33 -43.94
128.52 15.07 -44.21
128.94 14.79 -44.49
129.35 14.469999999999999 -44.77
129.75 14.14 -45.06
130.16 13.76 -45.37
130.55 13.370000000000001 -45.68
130.93 12.95 -46
131.31 12.5 -46.33
131.67 12.030000000000001 -46.66
132.03 11.530000000000001 -47
132.39 10.99 -47.37
132.73 10.42 -47.74
133.06 9.84 -48.11
133.37 9.23 -48.5
133.67 8.6 -48.9
133.96 8.6 -49.32
134.24 8.6 -49.72
134.5 8.6 -50.15
134.75 8.6 -50.58
134.98 9.25 -51.04
135.19 9.85 -51.48
135.38 10.43 -51.94
135.56 11 -52.41
135.73 11.530000000000001 -52.88
135.89 12.02 -53.35
136.03 12.5 -53.83
136.16 12.95 -54.32
136.26 13.370000000000001 -54.8
136.35 13.76 -55.29
136.42 14.14 -55.8
136.46 14.48 -56.3
136.48 14.79 -56.79
136.47 15.08 -57.29
136.42 15.33 -57.78
136.35 15.56 -58.28
136.26 15.77 -58.78
136.14 15.95 -59.28
136.01 16.09 -59.74
135.85 16.21 -60.21
135.67 16.310000000000002 -60.69
135.48 16.380000000000003 -61.15
135.28 16.42 -61.59
135.05 16.43 -62.04
134.8 16.42 -62.49
134.56 16.380000000000003 -62.92
134.3 16.310000000000002 -63.35
134.03 16.22 -63.76
133.75 16.09 -64.18
133.46 15.94 -64.58
133.16 15.76 -64.99
132.84 15.56 -65.39
132.53 15.33 -65.76
132.2 15.07 -66.14
131.84 14.77 -66.52
131.5 14.469999999999999 -66.86
131.13 14.129999999999999 -67.2
130.77 13.77 -67.53
130.4 13.370000000000001 -67.86
130.01 12.95 -68.19
129.63 12.5 -68.51
129.24 12.02 -68.82
128.83 11.51 -69.13
128.43 10.99 -69.42
128.01 10.41 -69.71
127.59 9.82 -69.99
127.18 9.22 -70.25
126.75 8.6 -70.51
126.32 8.6 -70.75
125.88 8.6 -70.99
125.45 8.6 -71.21
124.98 8.6 -71.44
124.53 8.6 -71.65
124.07 9.26 -71.86
123.61 9.879999999999999 -72.07
123.15 10.46 -72.28
122.7 11.01 -72.48
122.25 11.530000000000001 -72.66
121.78 12.030000000000001 -72.84
121.3 12.51 -72.99
120.79 12.99 -73.13
120.33 13.379999999999999 -73.24
119.84 13.780000000000001 -73.36
119.31 14.17 -73.49
118.84 14.5 -73.61
118.35 14.809999999999999 -73.73
117.87 15.1 -73.85
117.37 15.36 -73.97
116.89 15.58 -74.09
116.43 15.78 -74.21
115.92 15.96 -74.33
115.45 16.1 -74.45
114.97 16.22 -74.57
114.5 16.310000000000002 -74.69
113.99 16.380000000000003 -74.81
113.52 16.42 -74.93
113.02 16.43 -75.05
112.54 16.42 -75.18
112.05 16.369999999999997 -75.3
111.57 16.3 -75.42
111.08 16.21 -75.54
110.59 16.08 -75.65
110.11 15.93 -75.76
109.62 15.75 -75.85
109.14 15.55 -75.94
108.66 15.32 -76
108.15 15.06 -76.06
107.65 14.77 -76.12
107.16 14.46 -76.17
106.65 14.11 -76.22
106.13 13.719999999999999 -76.26
105.67 13.36 -76.28
105.17 12.93 -76.28
104.66 12.48 -76.26
104.17 12.01 -76.22
103.68 11.5 -76.14
103.18 10.96 -76.01
102.71 10.39 -75.84
102.25 9.81 -75.65
101.8 9.2 -75.42
101.36 8.6 -75.18
100.93 8.6 -74.91
100.5 8.6 -74.61
100.12 8.6 -74.32
99.75 8.6 -74.01
99.38 8.6 -73.66
99.03 8.6 -73.31
98.7 8.6 -72.93
98.39 8.6 -72.56
98.08 8.6 -72.15
97.79 8.6 -71.73
97.53 8.6 -71.32
97.28 8.6 -70.89
97.04 8.6 -70.46
96.82 8.6 -70
96.6 8.6 -69.51
96.42 8.6 -69.04
96.28 8.6 -68.61
96.14 8.6 -68.12
96.03 8.6 -67.64
95.95 8.6 -67.15
95.88 8.6 -66.65
95.85 8.6 -66.16
95.83 8.6 -65.64
95.83 8.6 -65.16
95.85 8.6 -64.66
95.89 8.6 -64.17
95.96 8.6 -63.65
96.04 8.6 -63.17
96.12 8.6 -62.69
96.21 8.6 -62.18
96.3 8.6 -61.69
96.4 8.6 -61.18
96.5 8.6 -60.68
96.59 8.6 -60.21
96.69 8.6 -59.72
96.79 8.6 -59.22
96.88 8.6 -58.75
96.98 8.6 -58.25
97.07 8.6 -57.77
97.15 8.6 -57.28
97.22 8.6 -56.79
97.3 8.6 -56.28
97.36 8.6 -55.79
97.42 8.6 -55.31
97.48 8.6 -54.8
97.54 8.6 -54.32
97.59 8.6 -53.8
97.63 8.6 -53.29
97.67 8.6 -52.81
97.69 8.6 -52.29
97.7 8.6 -51.79
97.72 8.6 -51.28
97.73 8.6 -50.79
97.75 8.6 -50.29
97.76 8.6 -49.78
97.77 8.6 -49.29
97.79 8.6 -48.79
97.8 8.6 -48.29
97.81 8.6 -47.79
97.83 8.6 -47.3
97.84 8.6 -46.79
97.86 8.6 -46.29
97.87 8.6 -45.8
97.88 8.6 -45.29
97.9 8.6 -44.79
97.91 8.6 -44.3
97.92 8.6 -43.81
97.94 8.6 -43.3
97.95 8.6 -42.8
97.97 8.6 -42.29
97.98 8.6 -41.81
97.99 8.6 -41.3
98.01 8.6 -40.79
98.02 8.6 -40.29
98.04 8.6 -39.8
98.05 8.6 -39.3
98.06 8.6 -38.79
98.08 8.6 -38.3
98.09 8.6 -37.8
98.1 8.6 -37.3
98.12 8.6 -36.8
98.13 8.6 -36.3
98.15 8.6 -35.8
98.16 8.6 -35.32
98.17 8.6 -34.81
98.19 8.6 -34.31
98.2 8.6 -33.8
98.2 8.6 -33.32
98.21 8.6 -32.8
98.22 8.6 -32.32
98.22 8.6 -31.81
98.22 8.6 -31.3
98.23 8.6 -30.81
98.23 8.6 -30.29
98.23 8.6 -29.82
98.23 8.6 -29.29
98.23 8.6 -28.82
98.22 8.6 -28.33
98.2 8.6 -27.82
98.18 8.6 -27.33
98.16 8.6 -26.82
98.13 8.6 -26.33
98.1 8.6 -25.81
98.08 8.6 -25.3
98.05 8.6 -24.81
98.02 8.6 -24.32
97.99 8.6 -23.81
97.96 8.6 -23.3
97.93 8.6 -22.8
97.9 8.6 -22.32
97.87 8.6 -21.81
97.83 8.6 -21.3
97.8 8.6 -20.81
97.77 8.6 -20.32
97.74 8.6 -19.83
97.71 8.6 -19.31
97.68 8.6 -18.81
97.65 8.6 -18.32
97.62 8.6 -17.83
97.59 8.6 -17.33
97.55 8.6 -16.83
97.52 8.6 -16.31
97.49 8.6 -15.83
97.46 8.6 -15.33
97.43 8.6 -14.81
97.4 8.6 -14.34
97.37 8.6 -13.83
97.34 8.6 -13.34
97.3 8.6 -12.83
97.27 8.6 -12.33
97.24 8.6 -11.82
97.21 8.6 -11.35
97.18 8.6 -10.85
97.15 8.6 -10.33
97.12 8.6 -9.83
97.09 8.6 -9.33
97.06 8.6 -8.85
97.02 8.6 -8.35
96.99 8.6 -7.84
96.96 8.6 -7.34
96.93 8.6 -6.85
96.9 8.6 -6.34