-50 0 -273
-207 0 26
265 0 178
-287 0 288
-144 0 -2
167 0 -33
-30 0 -219
151 0 -198
13 0 -228
114 0 -21
-283 0 -13
258 0 5
172 0 32
167 0 146
-221 0 72
-182 0 279
-16 0 -177
49 0 37
-82 0 100
127 0 -194
54 0 285
112 0 -292
23 0 102
-247 0 238
-252 0 -45
47 0 244
-109 0 -199
-65 0 -151
-61 0 -174
206 0 242
248 0 -193
-258 0 275
-121 0 226
57 0 -261
285 0 25
211 0 177
57 0 -122
-122 0 132
-276 0 -243
-253 0 102
-151 0 147
-146 0 281
213 0 -123
132 0 83
-249 0 202
-182 0 82
52 0 300
-164 0 69
-8 0 282
5 0 31
62 0 169
-94 0 -72
-73 0 -64
267 0 -238
-193 0 -80
-267 0 14
-207 0 283
-217 0 191
-235 0 165
192 0 184
101 0 -125
209 0 -22
-269 0 1
-151 0 182
-295 0 286
-219 0 232
-288 0 227
-112 0 209
-35 0 -135
182 0 -196
259 0 201
-55 0 -77
145 0 36
-51 0 51
-244 0 292
84 0 6
-121 0 195
125 0 -281
-283 0 -154
261 0 267
298 0 62
9 0 -146
-206 0 135
-57 0 48
246 0 49
-190 0 -299
-243 0 -100
-121 0 -6
-32 0 145
236 0 -211
272 0 -145
209 0 -46
-38 0 244
206 0 269
219 0 -156
-85 0 -297
122 0 -73
82 0 -67
3 0 -79
-3 0 -11
28 0 16
23 0 80
90 0 86
115 0 57